xof 0303txt 0032
template ColorRGBA {
 <35ff44e0-6c7c-11cf-8f52-0040333594a3>
 FLOAT red;
 FLOAT green;
 FLOAT blue;
 FLOAT alpha;
}

template ColorRGB {
 <d3e16e81-7835-11cf-8f52-0040333594a3>
 FLOAT red;
 FLOAT green;
 FLOAT blue;
}

template Material {
 <3d82ab4d-62da-11cf-ab39-0020af71e433>
 ColorRGBA faceColor;
 FLOAT power;
 ColorRGB specularColor;
 ColorRGB emissiveColor;
 [...]
}

template TextureFilename {
 <a42790e1-7810-11cf-8f52-0040333594a3>
 STRING filename;
}

template Frame {
 <3d82ab46-62da-11cf-ab39-0020af71e433>
 [...]
}

template Matrix4x4 {
 <f6f23f45-7686-11cf-8f52-0040333594a3>
 array FLOAT matrix[16];
}

template FrameTransformMatrix {
 <f6f23f41-7686-11cf-8f52-0040333594a3>
 Matrix4x4 frameMatrix;
}

template Vector {
 <3d82ab5e-62da-11cf-ab39-0020af71e433>
 FLOAT x;
 FLOAT y;
 FLOAT z;
}

template MeshFace {
 <3d82ab5f-62da-11cf-ab39-0020af71e433>
 DWORD nFaceVertexIndices;
 array DWORD faceVertexIndices[nFaceVertexIndices];
}

template Mesh {
 <3d82ab44-62da-11cf-ab39-0020af71e433>
 DWORD nVertices;
 array Vector vertices[nVertices];
 DWORD nFaces;
 array MeshFace faces[nFaces];
 [...]
}

template MeshNormals {
 <f6f23f43-7686-11cf-8f52-0040333594a3>
 DWORD nNormals;
 array Vector normals[nNormals];
 DWORD nFaceNormals;
 array MeshFace faceNormals[nFaceNormals];
}

template MeshMaterialList {
 <f6f23f42-7686-11cf-8f52-0040333594a3>
 DWORD nMaterials;
 DWORD nFaceIndexes;
 array DWORD faceIndexes[nFaceIndexes];
 [Material <3d82ab4d-62da-11cf-ab39-0020af71e433>]
}

template Coords2d {
 <f6f23f44-7686-11cf-8f52-0040333594a3>
 FLOAT u;
 FLOAT v;
}

template MeshTextureCoords {
 <f6f23f40-7686-11cf-8f52-0040333594a3>
 DWORD nTextureCoords;
 array Coords2d textureCoords[nTextureCoords];
}

template XSkinMeshHeader {
 <3cf169ce-ff7c-44ab-93c0-f78f62d172e2>
 WORD nMaxSkinWeightsPerVertex;
 WORD nMaxSkinWeightsPerFace;
 WORD nBones;
}

template SkinWeights {
 <6f0d123b-bad2-4167-a0d0-80224f25fabb>
 STRING transformNodeName;
 DWORD nWeights;
 array DWORD vertexIndices[nWeights];
 array FLOAT weights[nWeights];
 Matrix4x4 matrixOffset;
}

template AnimTicksPerSecond {
 <9e415a43-7ba6-4a73-8743-b73d47e88476>
 DWORD AnimTicksPerSecond;
}

template Animation {
 <3d82ab4f-62da-11cf-ab39-0020af71e433>
 [...]
}

template AnimationSet {
 <3d82ab50-62da-11cf-ab39-0020af71e433>
 [Animation <3d82ab4f-62da-11cf-ab39-0020af71e433>]
}

template FloatKeys {
 <10dd46a9-775b-11cf-8f52-0040333594a3>
 DWORD nValues;
 array FLOAT values[nValues];
}

template TimedFloatKeys {
 <f406b180-7b3b-11cf-8f52-0040333594a3>
 DWORD time;
 FloatKeys tfkeys;
}

template AnimationKey {
 <10dd46a8-775b-11cf-8f52-0040333594a3>
 DWORD keyType;
 DWORD nKeys;
 array TimedFloatKeys keys[nKeys];
}


Material Yui_tx {
 1.000000;1.000000;1.000000;1.000000;;
 0.000000;
 0.000000;0.000000;0.000000;;
 0.000000;0.000000;0.000000;;

 TextureFilename {
  "Kinoesaru_Yui_UV.png";
 }
}

Frame multi_mesh {
 

 FrameTransformMatrix {
  1.000000,0.000000,0.000000,0.000000,0.000000,1.000000,0.000000,0.000000,0.000000,0.000000,1.000000,0.000000,0.000000,0.000000,0.000000,1.000000;;
 }

 Frame Hip {
  

  FrameTransformMatrix {
   -0.000000,0.996867,0.079097,0.000000,1.000000,-0.000000,0.000000,0.000000,0.000000,0.079097,-0.996867,0.000000,0.000000,90.437747,-0.486903,1.000000;;
  }

  Frame Spine {
   

   FrameTransformMatrix {
    0.981297,-0.000000,0.192497,0.000000,0.000000,1.000000,0.000000,0.000000,-0.192497,-0.000000,0.981297,0.000000,6.719170,-0.000000,0.000000,1.000000;;
   }

   Frame Chest {
    

    FrameTransformMatrix {
     0.888282,-0.000000,-0.459300,0.000000,0.000001,1.000000,0.000002,0.000000,0.459300,-0.000002,0.888282,0.000000,16.709626,-0.000000,0.000000,1.000000;;
    }

    Frame Neck {
     

     FrameTransformMatrix {
      0.807860,-0.000001,0.589375,0.000000,0.000002,1.000000,-0.000001,0.000000,-0.589375,0.000002,0.807860,0.000000,17.936424,-0.000000,0.000000,1.000000;;
     }

     Frame Head1 {
      

      FrameTransformMatrix {
       0.991487,-0.000007,-0.130206,0.000000,0.000006,1.000000,-0.000002,0.000000,0.130206,0.000001,0.991487,0.000000,7.499466,0.000000,0.000000,1.000000;;
      }

      Frame EyeRight {
       

       FrameTransformMatrix {
        0.000000,1.000000,0.000011,0.000000,0.993857,0.000001,-0.110676,0.000000,-0.110676,0.000011,-0.993857,0.000000,9.479080,-4.456441,7.512377,1.000000;;
       }
      }

      Frame EyeLeft {
       

       FrameTransformMatrix {
        0.000001,1.000000,0.000011,0.000000,-0.993857,-0.000001,0.110676,0.000000,0.110676,-0.000011,0.993857,0.000000,9.479110,4.456277,7.512470,1.000000;;
       }
      }
     }

     Frame LeftScarf1 {
      

      FrameTransformMatrix {
       0.401416,0.910399,-0.100197,0.000000,0.264426,-0.010457,0.964350,0.000000,0.876895,-0.413600,-0.244930,0.000000,2.714622,4.450590,-8.773022,1.000000;;
      }
     }

     Frame RightScarf1 {
      

      FrameTransformMatrix {
       0.401398,-0.910407,-0.100195,0.000000,-0.264426,-0.010453,-0.964350,0.000000,0.876903,0.413582,-0.244931,0.000000,2.715027,-4.450565,-8.773110,1.000000;;
      }
     }
    }

    Frame LeftArm1 {
     

     FrameTransformMatrix {
      0.124637,0.938133,-0.323068,0.000000,-0.332816,0.346271,0.877115,0.000000,0.934719,-0.001798,0.355384,0.000000,14.805686,3.701484,2.450947,1.000000;;
     }

     Frame LeftArm2 {
      

      FrameTransformMatrix {
       0.943528,0.331285,-0.002581,0.000000,-0.328298,0.933919,-0.141476,0.000000,-0.044459,0.134333,0.989938,0.000000,8.159533,-0.000000,0.000000,1.000000;;
      }

      Frame LeftArm3 {
       

       FrameTransformMatrix {
        0.999408,0.034054,0.004910,0.000000,-0.034054,0.999420,-0.000029,0.000000,-0.004908,-0.000138,0.999988,0.000000,19.646014,-0.000002,-0.000008,1.000000;;
       }

       Frame LeftArm4 {
        

        FrameTransformMatrix {
         0.999767,-0.021594,-0.000714,0.000000,0.021477,0.989625,0.142062,0.000000,-0.002362,-0.142044,0.989858,0.000000,21.020939,-0.000002,0.000000,1.000000;;
        }

        Frame LeftLittle1 {
         

         FrameTransformMatrix {
          0.929404,-0.361161,-0.075965,0.000000,0.362227,0.932090,0.000272,0.000000,0.070708,-0.027769,0.997111,0.000000,7.495586,-4.120747,0.278290,1.000000;;
         }

         Frame LeftLittle2 {
          

          FrameTransformMatrix {
           0.993501,-0.089350,0.070518,0.000000,0.089089,0.996000,0.006850,0.000000,-0.070848,-0.000523,0.997487,0.000000,1.615856,0.000001,0.000000,1.000000;;
          }

          Frame LeftLittle3 {
           

           FrameTransformMatrix {
            0.999842,-0.015529,0.008680,0.000000,0.015529,0.999879,0.000091,0.000000,-0.008681,0.000044,0.999962,0.000000,1.560013,0.000006,0.000000,1.000000;;
           }

           Frame LeftLittle4 {
            

            FrameTransformMatrix {
             0.007090,0.010723,0.999917,0.000000,0.460186,-0.887801,0.006258,0.000000,0.887794,0.460104,-0.011229,0.000000,1.339409,0.000000,0.000031,1.000000;;
            }
           }
          }
         }
        }

        Frame LeftRing1 {
         

         FrameTransformMatrix {
          0.966809,-0.255494,0.001959,0.000000,0.255494,0.966811,0.000192,0.000000,-0.001943,0.000315,0.999998,0.000000,8.220154,-2.611894,1.123489,1.000000;;
         }

         Frame LeftRing2 {
          

          FrameTransformMatrix {
           0.999955,0.009472,-0.000071,0.000000,-0.009472,0.999955,0.000012,0.000000,0.000071,-0.000011,1.000000,0.000000,2.666142,0.000001,0.000000,1.000000;;
          }

          Frame LeftRing3 {
           

           FrameTransformMatrix {
            0.986419,-0.014025,0.163650,0.000000,0.014219,0.999899,-0.000017,0.000000,-0.163633,0.002343,0.986518,0.000000,2.109894,-0.000001,0.000000,1.000000;;
           }

           Frame LeftRing4 {
            

            FrameTransformMatrix {
             0.171126,0.009583,0.985203,0.000000,0.260183,-0.964895,-0.035808,0.000000,0.950274,0.262460,-0.167612,0.000000,1.624901,-0.000001,0.000008,1.000000;;
            }
           }
          }
         }
        }

        Frame LeftMiddle1 {
         

         FrameTransformMatrix {
          0.993568,-0.113230,0.000888,0.000000,0.113230,0.993569,0.000093,0.000000,-0.000893,0.000008,1.000000,0.000000,9.000496,-0.826684,1.442993,1.000000;;
         }

         Frame LeftMiddle2 {
          

          FrameTransformMatrix {
           0.997192,-0.005333,0.074696,0.000000,0.005349,0.999986,-0.000009,0.000000,-0.074695,0.000409,0.997206,0.000000,2.992493,-0.000001,0.000031,1.000000;;
          }

          Frame LeftMiddle3 {
           

           FrameTransformMatrix {
            0.995993,-0.064401,0.062044,0.000000,0.064826,0.997885,-0.004865,0.000000,-0.061600,0.008868,0.998062,0.000000,2.605789,0.000000,0.000023,1.000000;;
           }

           Frame LeftMiddle4 {
            

            FrameTransformMatrix {
             0.143500,0.009044,0.989609,0.000000,0.184633,-0.982647,-0.017793,0.000000,0.972275,0.185267,-0.142679,0.000000,1.871216,0.000002,0.000000,1.000000;;
            }
           }
          }
         }
        }

        Frame LeftIndex1 {
         

         FrameTransformMatrix {
          0.997958,-0.052972,-0.035679,0.000000,0.053007,0.998594,0.000040,0.000000,0.035627,-0.001931,0.999363,0.000000,9.148567,1.149300,1.334534,1.000000;;
         }

         Frame LeftIndex2 {
          

          FrameTransformMatrix {
           0.995078,0.017112,0.097608,0.000000,-0.017133,0.999853,-0.000625,0.000000,-0.097605,-0.001051,0.995225,0.000000,2.871418,0.000001,0.000000,1.000000;;
          }

          Frame LeftIndex3 {
           

           FrameTransformMatrix {
            0.996187,0.027387,0.082829,0.000000,-0.027622,0.999617,0.001696,0.000000,-0.082750,-0.003978,0.996562,0.000000,2.210014,-0.000001,-0.000031,1.000000;;
           }

           Frame LeftIndex4 {
            

            FrameTransformMatrix {
             0.162165,0.007759,0.986733,0.000000,0.011725,-0.999914,0.005936,0.000000,0.986694,0.010607,-0.162242,0.000000,1.310753,-0.000000,0.000015,1.000000;;
            }
           }
          }
         }
        }

        Frame LeftThumb1 {
         

         FrameTransformMatrix {
          0.965400,0.084469,-0.246713,0.000000,-0.087180,0.996193,-0.000065,0.000000,0.245768,0.021572,0.969089,0.000000,4.826882,2.697006,0.425705,1.000000;;
         }

         Frame LeftThumb2 {
          

          FrameTransformMatrix {
           0.980753,-0.063634,0.184593,0.000000,0.061782,0.997965,0.015778,0.000000,-0.185222,-0.004070,0.982688,0.000000,2.904905,0.000000,0.000000,1.000000;;
          }

          Frame LeftThumb3 {
           

           FrameTransformMatrix {
            0.997011,0.043742,0.063686,0.000000,-0.043653,0.999043,-0.002792,0.000000,-0.063747,0.000003,0.997966,0.000000,2.317303,0.000000,0.000000,1.000000;;
           }

           Frame LeftThumb4 {
            

            FrameTransformMatrix {
             0.059397,0.981682,-0.181031,0.000000,0.035456,0.179162,0.983181,0.000000,0.997605,-0.064817,-0.024165,0.000000,1.756985,-0.000001,0.000000,1.000000;;
            }
           }
          }
         }
        }
       }
      }
     }
    }

    Frame RightArm1 {
     

     FrameTransformMatrix {
      -0.124637,0.938134,0.323064,0.000000,0.332816,0.346268,-0.877116,0.000000,-0.934719,-0.001801,-0.355384,0.000000,14.805603,-3.701469,2.450939,1.000000;;
     }

     Frame RightArm2 {
      

      FrameTransformMatrix {
       0.943528,0.331284,-0.002590,0.000000,-0.328312,0.933958,-0.141185,0.000000,-0.044354,0.134063,0.989980,0.000000,-8.159527,0.000011,-0.000351,1.000000;;
      }

      Frame RightArm3 {
       

       FrameTransformMatrix {
        0.999408,0.034054,0.004918,0.000000,-0.034054,0.999420,-0.000029,0.000000,-0.004916,-0.000138,0.999988,0.000000,-19.646040,-0.000008,-0.000130,1.000000;;
       }

       Frame RightArm4 {
        

        FrameTransformMatrix {
         0.999767,-0.021595,-0.000712,0.000000,0.021478,0.989667,0.141772,0.000000,-0.002357,-0.141754,0.989899,0.000000,-21.020920,0.000008,0.000229,1.000000;;
        }

        Frame RightLittle1 {
         

         FrameTransformMatrix {
          0.929404,-0.361161,-0.075965,0.000000,0.362227,0.932090,0.000272,0.000000,0.070708,-0.027769,0.997110,0.000000,-7.495575,4.120739,-0.278595,1.000000;;
         }

         Frame RightLittle2 {
          

          FrameTransformMatrix {
           0.993501,-0.089350,0.070518,0.000000,0.089089,0.996000,0.006850,0.000000,-0.070848,-0.000523,0.997487,0.000000,-1.615902,-0.000011,0.000153,1.000000;;
          }

          Frame RightLittle3 {
           

           FrameTransformMatrix {
            0.999842,-0.015529,0.008680,0.000000,0.015529,0.999880,0.000091,0.000000,-0.008681,0.000044,0.999963,0.000000,-1.559963,0.000031,-0.000122,1.000000;;
           }

           Frame RightLittle4 {
            

            FrameTransformMatrix {
             0.007090,0.010723,0.999917,0.000000,0.460186,-0.887800,0.006258,0.000000,0.887794,0.460104,-0.011229,0.000000,-1.339417,-0.000010,0.000824,1.000000;;
            }
           }
          }
         }
        }

        Frame RightRing1 {
         

         FrameTransformMatrix {
          0.966809,-0.255494,0.001959,0.000000,0.255494,0.966811,0.000192,0.000000,-0.001943,0.000315,0.999998,0.000000,-8.220188,2.611888,-1.123138,1.000000;;
         }

         Frame RightRing2 {
          

          FrameTransformMatrix {
           0.999955,0.009472,-0.000071,0.000000,-0.009472,0.999955,0.000012,0.000000,0.000071,-0.000011,1.000000,0.000000,-2.666149,-0.000004,0.000290,1.000000;;
          }

          Frame RightRing3 {
           

           FrameTransformMatrix {
            0.986419,-0.014025,0.163650,0.000000,0.014219,0.999899,-0.000017,0.000000,-0.163633,0.002343,0.986518,0.000000,-2.109833,0.000014,-0.000549,1.000000;;
           }

           Frame RightRing4 {
            

            FrameTransformMatrix {
             0.171126,0.009583,0.985202,0.000000,0.260183,-0.964895,-0.035808,0.000000,0.950274,0.262460,-0.167612,0.000000,-1.624962,-0.000019,-0.000214,1.000000;;
            }
           }
          }
         }
        }

        Frame RightMiddle1 {
         

         FrameTransformMatrix {
          0.993568,-0.113230,0.000888,0.000000,0.113230,0.993569,0.000093,0.000000,-0.000893,0.000008,1.000000,0.000000,-9.000485,0.826684,-1.442734,1.000000;;
         }

         Frame RightMiddle2 {
          

          FrameTransformMatrix {
           0.997192,-0.005333,0.074696,0.000000,0.005349,0.999986,-0.000009,0.000000,-0.074695,0.000409,0.997206,0.000000,-2.992477,-0.000000,-0.000580,1.000000;;
          }

          Frame RightMiddle3 {
           

           FrameTransformMatrix {
            0.995993,-0.064401,0.062044,0.000000,0.064826,0.997885,-0.004865,0.000000,-0.061600,0.008868,0.998062,0.000000,-2.605850,-0.000008,0.000023,1.000000;;
           }

           Frame RightMiddle4 {
            

            FrameTransformMatrix {
             0.143500,0.009044,0.989609,0.000000,0.184633,-0.982647,-0.017793,0.000000,0.972275,0.185267,-0.142679,0.000000,-1.871132,0.000002,0.000244,1.000000;;
            }
           }
          }
         }
        }

        Frame RightIndex1 {
         

         FrameTransformMatrix {
          0.997958,-0.052972,-0.035679,0.000000,0.053007,0.998594,0.000040,0.000000,0.035627,-0.001931,0.999363,0.000000,-9.148567,-1.149304,-1.334854,1.000000;;
         }

         Frame RightIndex2 {
          

          FrameTransformMatrix {
           0.995078,0.017112,0.097608,0.000000,-0.017133,0.999853,-0.000625,0.000000,-0.097605,-0.001051,0.995225,0.000000,-2.871361,-0.000001,0.000427,1.000000;;
          }

          Frame RightIndex3 {
           

           FrameTransformMatrix {
            0.996187,0.027387,0.082829,0.000000,-0.027622,0.999617,0.001696,0.000000,-0.082750,-0.003978,0.996562,0.000000,-2.210022,0.000007,0.000458,1.000000;;
           }

           Frame RightIndex4 {
            

            FrameTransformMatrix {
             0.162165,0.007759,0.986733,0.000000,0.011725,-0.999914,0.005936,0.000000,0.986694,0.010607,-0.162242,0.000000,-1.310883,-0.000003,-0.000580,1.000000;;
            }
           }
          }
         }
        }

        Frame RightThumb1 {
         

         FrameTransformMatrix {
          0.965400,0.084469,-0.246713,0.000000,-0.087180,0.996192,-0.000065,0.000000,0.245768,0.021572,0.969089,0.000000,-4.826843,-2.697013,-0.425613,1.000000;;
         }

         Frame RightThumb2 {
          

          FrameTransformMatrix {
           0.980753,-0.063634,0.184593,0.000000,0.061782,0.997965,0.015778,0.000000,-0.185222,-0.004070,0.982689,0.000000,-2.905001,0.000008,0.000198,1.000000;;
          }

          Frame RightThumb3 {
           

           FrameTransformMatrix {
            0.997011,0.043742,0.063686,0.000000,-0.043653,0.999043,-0.002792,0.000000,-0.063747,0.000003,0.997966,0.000000,-2.317310,0.000000,0.000107,1.000000;;
           }

           Frame RightThumb4 {
            

            FrameTransformMatrix {
             0.059397,0.981682,-0.181031,0.000000,0.035456,0.179162,0.983180,0.000000,0.997605,-0.064817,-0.024165,0.000000,-1.756996,0.000000,-0.000130,1.000000;;
            }
           }
          }
         }
        }
       }
      }
     }
    }
   }

   Frame Tail1 {
    

    FrameTransformMatrix {
     -0.119354,0.000001,-0.992852,0.000000,0.000000,1.000000,0.000001,0.000000,0.992852,0.000000,-0.119354,0.000000,0.125870,-0.000013,-9.701482,1.000000;;
    }

    Frame Tail2 {
     

     FrameTransformMatrix {
      0.999924,0.000000,-0.012367,0.000000,-0.000000,1.000000,0.000000,0.000000,0.012367,-0.000000,0.999924,0.000000,19.144941,0.000000,0.000000,1.000000;;
     }

     Frame Tail3 {
      

      FrameTransformMatrix {
       0.999667,-0.000000,0.025805,0.000000,-0.000000,1.000000,-0.000000,0.000000,-0.025805,0.000000,0.999667,0.000000,20.481531,0.000000,0.000000,1.000000;;
      }

      Frame Tail4 {
       

       FrameTransformMatrix {
        0.999791,0.000000,-0.020467,0.000000,-0.000000,1.000000,0.000000,0.000000,0.020467,0.000000,0.999791,0.000000,22.115685,-0.000000,-0.000015,1.000000;;
       }

       Frame Tail5 {
        

        FrameTransformMatrix {
         1.000000,0.000000,0.000000,0.000000,0.000000,1.000000,0.000000,0.000000,0.000000,0.000000,1.000000,0.000000,14.554672,-0.000000,0.000015,1.000000;;
        }
       }
      }
     }
    }
   }
  }

  Frame LeftLeg1 {
   

   FrameTransformMatrix {
    -0.995038,0.000071,-0.099493,0.000000,0.000280,0.999998,-0.002094,0.000000,0.099492,-0.002111,-0.995036,0.000000,-8.319130,10.000000,-1.050901,1.000000;;
   }

   Frame LeftLeg2 {
    

    FrameTransformMatrix {
     0.998482,0.000000,0.055071,0.000000,-0.000000,1.000000,0.000000,0.000000,-0.055071,0.000000,0.998482,0.000000,33.570950,-0.000002,-0.000000,1.000000;;
    }

    Frame LeftLeg3 {
     

     FrameTransformMatrix {
      0.163452,-0.002403,-0.986548,0.000000,-0.000036,0.999997,-0.002441,0.000000,0.986551,0.000435,0.163451,0.000000,41.772726,0.000000,-0.000001,1.000000;;
     }

     Frame LeftLeg4 {
      

      FrameTransformMatrix {
       1.000000,0.000000,0.000000,0.000000,0.000000,1.000000,-0.000000,0.000000,0.000000,0.000000,1.000000,0.000000,12.786521,0.000002,-0.000000,1.000000;;
      }
     }
    }
   }
  }

  Frame RightLeg1 {
   

   FrameTransformMatrix {
    0.995038,0.000070,0.099493,0.000000,-0.000279,0.999998,0.002081,0.000000,-0.099492,-0.002098,0.995036,0.000000,-8.319084,-10.000000,-1.050902,1.000000;;
   }

   Frame RightLeg2 {
    

    FrameTransformMatrix {
     0.998482,0.000000,0.055071,0.000000,-0.000000,1.000000,0.000000,0.000000,-0.055071,-0.000000,0.998482,0.000000,-33.571008,-0.000003,0.000002,1.000000;;
    }

    Frame RightLeg3 {
     

     FrameTransformMatrix {
      0.163452,-0.002387,-0.986549,0.000000,-0.000036,0.999997,-0.002426,0.000000,0.986551,0.000432,0.163451,0.000000,-41.772685,0.000003,0.000001,1.000000;;
     }

     Frame RightLeg4 {
      

      FrameTransformMatrix {
       1.000000,0.000000,0.000000,0.000000,-0.000000,1.000000,0.000000,0.000000,0.000000,-0.000000,1.000000,0.000000,-12.786524,-0.000004,-0.000005,1.000000;;
      }
     }
    }
   }
  }
 }

 Frame p_head {
  

  FrameTransformMatrix {
   1.000000,0.000000,0.000000,0.000000,0.000000,-0.000000,-1.000000,0.000000,0.000000,1.000000,-0.000000,0.000000,0.934845,151.299930,3.927631,1.000000;;
  }

  Mesh p_head {
   6908;
   -8.866532;6.278420;5.495392;,
   -6.808224;8.850386;7.470306;,
   -7.766318;9.540796;5.623291;,
   -7.895163;6.043045;7.022827;,
   -5.300716;10.545079;7.785416;,
   -5.901056;11.688829;6.015503;,
   -3.309781;12.102302;8.032898;,
   -3.625398;13.372690;6.450714;,
   -1.102813;12.426124;8.158234;,
   -1.102813;13.740149;6.576065;,
   1.104155;12.102302;8.032898;,
   1.419772;13.372690;6.450714;,
   3.095089;10.545079;7.785416;,
   3.695428;11.688827;6.015503;,
   4.602597;8.850386;7.470306;,
   5.560690;9.540796;5.623291;,
   5.689536;6.043044;7.022827;,
   6.660905;6.278420;5.495392;,
   -8.661790;9.642266;3.897003;,
   -6.872038;7.372028;4.067795;,
   -9.774414;5.954598;4.067795;,
   -6.010408;9.825438;3.897003;,
   -6.462156;12.214006;4.361282;,
   -4.668388;11.536419;4.361282;,
   -3.920386;14.016232;4.971985;,
   -2.977347;12.735440;4.971985;,
   -1.102813;14.424475;5.097351;,
   -1.102813;13.007046;5.097351;,
   1.714761;14.016232;4.971985;,
   0.771721;12.735440;4.971985;,
   4.256530;12.214006;4.361282;,
   2.462762;11.536419;4.361282;,
   6.456163;9.642266;3.897003;,
   3.804780;9.825438;3.897003;,
   7.568786;5.954596;4.067795;,
   4.666410;7.372027;4.067795;,
   -4.898628;9.298599;7.470306;,
   -5.621770;7.430873;7.022827;,
   -3.895682;10.426080;7.785416;,
   -2.571111;11.462103;8.032898;,
   -1.102813;11.677540;8.158234;,
   0.365484;11.462103;8.032898;,
   1.690054;10.426080;7.785416;,
   2.693001;9.298599;7.470306;,
   3.416142;7.430873;7.022827;,
   10.265788;-0.943376;2.206177;,
   8.021122;-4.308050;4.122513;,
   8.592982;-4.593492;2.206177;,
   9.593528;-0.793309;4.122513;,
   5.572046;-7.097362;4.122513;,
   5.987252;-7.490243;2.206177;,
   2.486030;-8.888213;4.122513;,
   2.704317;-9.350069;2.206177;,
   -0.934845;-9.505296;4.122513;,
   -0.934845;-9.990922;2.206177;,
   -4.355720;-8.888210;4.122513;,
   -4.574007;-9.350069;2.206177;,
   -7.441736;-7.097362;4.122513;,
   -7.856940;-7.490239;2.206177;,
   -9.890810;-4.308045;4.122513;,
   -10.462670;-4.593492;2.206177;,
   -11.463212;-0.793306;4.122513;,
   -12.135474;-0.943375;2.206177;,
   7.328246;-3.840124;5.943237;,
   8.778999;-0.547307;5.943237;,
   5.068641;-6.453318;5.943237;,
   2.221374;-8.131094;5.943237;,
   -0.934845;-8.709214;5.943237;,
   -4.091064;-8.131094;5.943237;,
   -6.938328;-6.453317;5.943237;,
   -9.197933;-3.840122;5.943237;,
   -10.648686;-0.547305;5.943237;,
   5.420232;-2.814754;2.206177;,
   4.471108;-4.885778;2.206177;,
   2.992653;-6.529349;2.206177;,
   1.129963;-7.584587;2.206177;,
   -0.934844;-7.948198;2.206177;,
   -2.999652;-7.584587;2.206177;,
   -4.862341;-6.529348;2.206177;,
   -6.340794;-4.885778;2.206177;,
   -7.289919;-2.814752;2.206177;,
   3.753513;-4.458322;5.943237;,
   4.576650;-2.590030;5.943237;,
   2.471447;-5.941013;5.943237;,
   0.855949;-6.892959;5.943237;,
   -0.934844;-7.220976;5.943237;,
   -2.725637;-6.892959;5.943237;,
   -4.341134;-5.941012;5.943237;,
   -5.623201;-4.458322;5.943237;,
   -6.446336;-2.590029;5.943237;,
   -8.698412;7.984862;-3.850968;,
   -8.443618;8.388458;-3.700073;,
   -9.460602;8.775286;-3.847809;,
   -8.433830;8.558291;-4.170868;,
   -8.688622;8.154695;-4.321762;,
   -8.133086;8.521738;-3.087997;,
   -7.778351;8.857007;-2.976929;,
   -8.820821;9.493788;-2.697678;,
   -7.868502;9.095169;-3.407898;,
   -8.223236;8.759901;-3.518967;,
   -4.835096;10.761566;-2.351196;,
   -3.897088;10.956175;-3.088776;,
   -4.904239;10.728413;-2.653458;,
   -3.757914;10.996347;-2.885773;,
   -8.304459;9.026443;-3.022690;,
   -7.191902;10.049437;-2.720932;,
   -7.989076;9.347818;-3.297699;,
   -7.387905;9.920460;-2.421753;,
   -8.944090;8.324473;-4.218964;,
   -8.545291;8.815140;-4.237412;,
   -3.189122;10.987021;-3.856995;,
   -3.016848;10.912283;-3.827164;,
   -6.162094;10.446770;-2.213760;,
   -6.104282;10.482817;-2.528290;,
   -4.721877;10.576574;-2.153992;,
   -3.678062;10.694275;-2.592392;,
   -3.970908;10.418266;-3.263153;,
   -4.874704;9.987049;-2.856750;,
   -4.938682;10.123210;-2.916107;,
   -3.839039;10.355463;-3.228149;,
   -8.556075;8.443514;-2.930756;,
   -7.652835;9.705066;-2.277740;,
   -7.027361;9.409315;-2.982605;,
   -7.858976;8.572464;-3.538605;,
   -7.727326;8.912304;-3.553268;,
   -7.109908;9.081684;-2.927902;,
   -9.262968;7.892555;-4.252838;,
   -8.381497;8.209078;-4.293610;,
   -8.215591;8.557631;-4.258774;,
   -2.862435;10.743538;-3.819824;,
   -3.273966;10.570454;-3.877655;,
   -3.093205;10.519634;-3.885742;,
   -6.188421;10.360866;-1.912552;,
   -6.060636;9.566730;-2.731964;,
   -6.046873;9.819551;-2.799515;,
   -2.755044;10.688378;-4.509735;,
   -3.361396;10.688378;-3.886810;,
   -2.755044;10.688378;-4.509735;,
   -3.361396;10.688378;-3.886810;,
   -4.036262;10.542621;-3.291779;,
   -4.973381;10.321880;-2.955719;,
   -6.046469;10.145483;-2.842804;,
   -6.995899;9.805033;-3.020111;,
   -7.673692;9.295813;-3.572693;,
   -8.146492;8.932426;-4.255859;,
   -4.036262;10.542621;-3.291779;,
   -4.973381;10.321880;-2.955719;,
   -6.046469;10.145483;-2.842804;,
   -6.995899;9.805033;-3.020111;,
   -7.673692;9.295813;-3.572693;,
   -8.146492;8.932426;-4.255859;,
   -8.545291;8.815140;-4.237412;,
   -8.215591;8.557631;-4.258774;,
   -8.944090;8.324473;-4.218964;,
   -8.146492;8.932426;-4.255859;,
   -8.944090;8.324473;-4.218964;,
   -8.381497;8.209078;-4.293610;,
   -9.262968;7.892555;-4.252838;,
   -8.215591;8.557631;-4.258774;,
   6.828722;7.984862;-3.850968;,
   7.590912;8.775286;-3.847809;,
   6.573929;8.388458;-3.700073;,
   6.564139;8.558291;-4.170868;,
   6.818933;8.154695;-4.321762;,
   6.263395;8.521738;-3.087997;,
   6.951131;9.493788;-2.697678;,
   5.908661;8.857007;-2.976929;,
   5.998812;9.095169;-3.407898;,
   6.353546;8.759901;-3.518967;,
   2.965406;10.761566;-2.351196;,
   2.027398;10.956175;-3.088776;,
   1.888224;10.996347;-2.885773;,
   3.034549;10.728413;-2.653458;,
   6.434770;9.026443;-3.022690;,
   5.322212;10.049437;-2.720932;,
   5.518215;9.920460;-2.421753;,
   6.119386;9.347818;-3.297699;,
   7.074400;8.324473;-4.218964;,
   6.675601;8.815140;-4.237412;,
   1.319432;10.987021;-3.856995;,
   1.147158;10.912283;-3.827164;,
   4.292405;10.446770;-2.213760;,
   4.234592;10.482817;-2.528290;,
   2.852187;10.576574;-2.153992;,
   1.808372;10.694275;-2.592392;,
   3.103691;10.321880;-2.955719;,
   2.101218;10.418266;-3.263153;,
   2.166572;10.542621;-3.291779;,
   3.068992;10.123210;-2.916107;,
   6.686385;8.443514;-2.930756;,
   5.783145;9.705066;-2.277740;,
   5.804002;9.295813;-3.572693;,
   5.157671;9.409315;-2.982605;,
   5.126209;9.805033;-3.020111;,
   5.857636;8.912304;-3.553268;,
   7.393278;7.892555;-4.252838;,
   6.276802;8.932426;-4.255859;,
   6.345902;8.557631;-4.258774;,
   0.992745;10.743538;-3.819824;,
   1.404276;10.570454;-3.877655;,
   1.491706;10.688378;-3.886810;,
   4.318731;10.360866;-1.912552;,
   4.176779;10.145483;-2.842804;,
   4.177183;9.819551;-2.799515;,
   0.885355;10.688378;-4.509735;,
   1.223515;10.519634;-3.885742;,
   0.885355;10.688378;-4.509735;,
   1.491706;10.688378;-3.886810;,
   2.166572;10.542621;-3.291779;,
   3.103691;10.321880;-2.955719;,
   4.176779;10.145483;-2.842804;,
   5.126209;9.805033;-3.020111;,
   5.804002;9.295813;-3.572693;,
   6.276802;8.932426;-4.255859;,
   1.969349;10.355463;-3.228149;,
   3.005014;9.987049;-2.856750;,
   4.190946;9.566730;-2.731964;,
   5.240218;9.081684;-2.927902;,
   5.989286;8.572464;-3.538605;,
   6.511806;8.209078;-4.293610;,
   7.393278;7.892555;-4.252838;,
   6.345902;8.557631;-4.258774;,
   7.074400;8.324473;-4.218964;,
   6.511806;8.209078;-4.293610;,
   7.074400;8.324473;-4.218964;,
   6.276802;8.932426;-4.255859;,
   6.675601;8.815140;-4.237412;,
   6.345902;8.557631;-4.258774;,
   -5.130004;11.544237;0.048279;,
   -4.401409;12.006118;0.012787;,
   -4.905295;11.782749;-0.107544;,
   -4.446754;11.767606;0.211441;,
   -3.901244;12.128928;-0.059601;,
   -3.768551;11.890417;0.113297;,
   -3.511248;12.160637;-0.259933;,
   -3.239734;11.922125;-0.158356;,
   -3.307596;12.084689;-0.529923;,
   -2.963590;11.846178;-0.524460;,
   -3.443160;11.915540;-0.845444;,
   -3.147408;11.677029;-0.952286;,
   -3.919387;11.754460;-0.939972;,
   -3.793154;11.515950;-1.080460;,
   -4.484151;11.591013;-0.870483;,
   -4.558950;11.352502;-0.986237;,
   -4.863961;11.528805;-0.669556;,
   -5.073957;11.290293;-0.713791;,
   -5.402064;11.446152;-0.532425;,
   -5.740386;11.207642;-0.488907;,
   -4.076464;11.914549;-0.399338;,
   -4.227880;12.068349;-0.455689;,
   3.260314;11.544237;0.048279;,
   2.531719;12.006118;0.012787;,
   2.577065;11.767606;0.211441;,
   3.035605;11.782749;-0.107544;,
   2.031554;12.128928;-0.059601;,
   1.898861;11.890417;0.113297;,
   1.641559;12.160637;-0.259933;,
   1.370044;11.922125;-0.158356;,
   1.437907;12.084689;-0.529923;,
   1.093900;11.846178;-0.524460;,
   1.573470;11.915540;-0.845444;,
   1.277718;11.677029;-0.952286;,
   2.049697;11.754460;-0.939972;,
   1.923464;11.515950;-1.080460;,
   2.614461;11.591013;-0.870483;,
   2.689260;11.352502;-0.986237;,
   2.994271;11.528805;-0.669556;,
   3.204267;11.290293;-0.713791;,
   3.532374;11.446152;-0.532425;,
   3.870696;11.207642;-0.488907;,
   2.206774;11.914549;-0.399338;,
   2.358189;12.068349;-0.455689;,
   -1.838806;4.206857;13.002823;,
   -3.538954;5.413163;14.911408;,
   -2.899811;4.723194;13.247742;,
   -1.297786;4.859947;14.130829;,
   -2.899811;4.723194;13.247742;,
   -2.831951;6.860537;14.548538;,
   -2.174454;5.778573;12.944474;,
   -3.538954;5.413163;14.911408;,
   -2.174454;5.778573;12.944474;,
   -0.621522;6.297614;13.799987;,
   -1.169382;5.245391;12.715011;,
   -2.831951;6.860537;14.548538;,
   -1.169382;5.245391;12.715011;,
   -1.297786;4.859947;14.130829;,
   -1.838806;4.206857;13.002823;,
   -0.621522;6.297614;13.799987;,
   -1.297786;4.859947;14.130829;,
   -2.853382;5.507643;16.346986;,
   -3.538954;5.413163;14.911408;,
   -0.245761;4.961709;14.933288;,
   -3.538954;5.413163;14.911408;,
   -2.238102;7.040270;16.044219;,
   -2.831951;6.860537;14.548538;,
   -2.853382;5.507643;16.346986;,
   -2.831951;6.860537;14.548538;,
   0.330279;6.481380;14.682235;,
   -0.621522;6.297614;13.799987;,
   -2.238102;7.040270;16.044219;,
   -0.621522;6.297614;13.799987;,
   -0.245761;4.961709;14.933288;,
   -1.297786;4.859947;14.130829;,
   0.330279;6.481380;14.682235;,
   -0.245761;4.961709;14.933288;,
   -1.347636;5.296821;17.513123;,
   -2.853382;5.507643;16.346986;,
   0.803422;4.639017;15.487778;,
   -2.853382;5.507643;16.346986;,
   -0.901797;6.771161;17.074555;,
   -2.238102;7.040270;16.044219;,
   -1.347636;5.296821;17.513123;,
   -2.238102;7.040270;16.044219;,
   1.241468;6.108622;15.110382;,
   0.330279;6.481380;14.682235;,
   -0.901797;6.771161;17.074555;,
   0.330279;6.481380;14.682235;,
   0.803422;4.639017;15.487778;,
   -0.245761;4.961709;14.933288;,
   1.241468;6.108622;15.110382;,
   0.803422;4.639017;15.487778;,
   0.898209;4.467712;17.934158;,
   -1.347636;5.296821;17.513123;,
   2.293550;3.774679;15.816483;,
   -1.347636;5.296821;17.513123;,
   1.192729;5.708215;17.555253;,
   -0.901797;6.771161;17.074555;,
   0.898209;4.467712;17.934158;,
   -0.901797;6.771161;17.074555;,
   2.617207;5.023068;15.476365;,
   1.241468;6.108622;15.110382;,
   1.192729;5.708215;17.555253;,
   1.241468;6.108622;15.110382;,
   2.293550;3.774679;15.816483;,
   0.803422;4.639017;15.487778;,
   2.617207;5.023068;15.476365;,
   2.293550;3.774679;15.816483;,
   3.342287;3.389288;17.449035;,
   0.898209;4.467712;17.934158;,
   3.504367;2.582735;15.903733;,
   0.898209;4.467712;17.934158;,
   3.549921;4.343519;16.978347;,
   1.192729;5.708215;17.555253;,
   3.342287;3.389288;17.449035;,
   1.192729;5.708215;17.555253;,
   3.714148;3.537117;15.458634;,
   2.617207;5.023068;15.476365;,
   3.549921;4.343519;16.978347;,
   2.617207;5.023068;15.476365;,
   3.504367;2.582735;15.903733;,
   2.293550;3.774679;15.816483;,
   3.714148;3.537117;15.458634;,
   -2.899811;4.723194;13.247742;,
   -0.847897;2.769745;11.448014;,
   -1.838806;4.206857;13.002823;,
   -2.174454;5.778573;12.944474;,
   -0.847897;2.769745;11.448014;,
   -2.899811;4.723194;13.247742;,
   -1.169382;5.245391;12.715011;,
   -0.847897;2.769745;11.448014;,
   -2.174454;5.778573;12.944474;,
   -1.838806;4.206857;13.002823;,
   -0.847897;2.769745;11.448014;,
   -1.169382;5.245391;12.715011;,
   3.504367;2.582735;15.903733;,
   5.389085;0.773348;15.143646;,
   3.342287;3.389288;17.449035;,
   3.342287;3.389288;17.449035;,
   5.389085;0.773348;15.143646;,
   3.549921;4.343519;16.978347;,
   3.549921;4.343519;16.978347;,
   5.389085;0.773348;15.143646;,
   3.714148;3.537117;15.458634;,
   3.714148;3.537117;15.458634;,
   5.389085;0.773348;15.143646;,
   3.504367;2.582735;15.903733;,
   -5.798194;-0.519331;1.152512;,
   -7.393265;-3.891256;-1.437103;,
   -8.081243;-1.380129;-0.973434;,
   -4.757030;-3.866860;0.534287;,
   -4.757030;-3.866860;0.534287;,
   -9.275126;-4.945754;-0.206940;,
   -7.393265;-3.891256;-1.437103;,
   -7.805322;-5.163502;1.987564;,
   -7.805322;-5.163502;1.987564;,
   -9.970946;-2.432449;0.256729;,
   -9.275126;-4.945754;-0.206940;,
   -8.828335;-1.815972;2.605789;,
   -8.828335;-1.815972;2.605789;,
   -8.081243;-1.380129;-0.973434;,
   -9.970946;-2.432449;0.256729;,
   -5.798194;-0.519331;1.152512;,
   -8.081243;-1.380129;-0.973434;,
   -9.842136;-4.577288;-2.982208;,
   -10.281750;-2.895185;-2.673096;,
   -7.393265;-3.891256;-1.437103;,
   -7.393265;-3.891256;-1.437103;,
   -11.120692;-5.417742;-1.832809;,
   -9.842136;-4.577288;-2.982208;,
   -9.275126;-4.945754;-0.206940;,
   -9.275126;-4.945754;-0.206940;,
   -11.575622;-3.732498;-1.523697;,
   -11.120692;-5.417742;-1.832809;,
   -9.970946;-2.432449;0.256729;,
   -9.970946;-2.432449;0.256729;,
   -10.281750;-2.895185;-2.673096;,
   -11.575622;-3.732498;-1.523697;,
   -8.081243;-1.380129;-0.973434;,
   -10.281750;-2.895185;-2.673096;,
   -12.180992;-5.302530;-3.710938;,
   -12.410373;-4.453923;-3.556381;,
   -9.842136;-4.577288;-2.982208;,
   -9.842136;-4.577288;-2.982208;,
   -12.844158;-5.929142;-2.684387;,
   -12.180992;-5.302530;-3.710938;,
   -11.120692;-5.417742;-1.832809;,
   -11.120692;-5.417742;-1.832809;,
   -13.081449;-5.080032;-2.529831;,
   -12.844158;-5.929142;-2.684387;,
   -11.575622;-3.732498;-1.523697;,
   -11.575622;-3.732498;-1.523697;,
   -12.410373;-4.453923;-3.556381;,
   -13.081449;-5.080032;-2.529831;,
   -10.281750;-2.895185;-2.673096;,
   -12.410373;-4.453923;-3.556381;,
   -12.180992;-5.302530;-3.710938;,
   -14.339493;-7.079638;-3.273911;,
   -12.180992;-5.302530;-3.710938;,
   -12.844158;-5.929142;-2.684387;,
   -14.339493;-7.079638;-3.273911;,
   -12.844158;-5.929142;-2.684387;,
   -13.081449;-5.080032;-2.529831;,
   -14.339493;-7.079638;-3.273911;,
   -13.081449;-5.080032;-2.529831;,
   -12.410373;-4.453923;-3.556381;,
   -14.339493;-7.079638;-3.273911;,
   -6.479190;-3.232255;1.531845;,
   -5.754944;-6.312406;0.441971;,
   -7.413882;-5.058499;0.217789;,
   -4.305843;-4.903431;1.830750;,
   -4.305843;-4.903431;1.830750;,
   -6.633520;-7.495870;1.599045;,
   -5.754944;-6.312406;0.441971;,
   -5.860745;-6.652250;3.216843;,
   -5.860745;-6.652250;3.216843;,
   -8.273493;-6.242487;1.374878;,
   -6.633520;-7.495870;1.599045;,
   -8.027580;-4.981074;2.917953;,
   -8.027580;-4.981074;2.917953;,
   -7.413882;-5.058499;0.217789;,
   -8.273493;-6.242487;1.374878;,
   -6.479190;-3.232255;1.531845;,
   -7.413882;-5.058499;0.217789;,
   -6.870267;-8.023761;-0.474548;,
   -7.963500;-7.185662;-0.623993;,
   -5.754944;-6.312406;0.441971;,
   -5.754944;-6.312406;0.441971;,
   -7.443086;-8.859021;0.566101;,
   -6.870267;-8.023761;-0.474548;,
   -6.633520;-7.495870;1.599045;,
   -6.633520;-7.495870;1.599045;,
   -8.535831;-8.023433;0.416657;,
   -7.443086;-8.859021;0.566101;,
   -8.273493;-6.242487;1.374878;,
   -8.273493;-6.242487;1.374878;,
   -7.963500;-7.185662;-0.623993;,
   -8.535831;-8.023433;0.416657;,
   -7.413882;-5.058499;0.217789;,
   -7.963500;-7.185662;-0.623993;,
   -7.999148;-9.629576;-0.790176;,
   -8.559955;-9.211258;-0.864914;,
   -6.870267;-8.023761;-0.474548;,
   -6.870267;-8.023761;-0.474548;,
   -8.269092;-10.095933;0.099899;,
   -7.999148;-9.629576;-0.790176;,
   -7.443086;-8.859021;0.566101;,
   -7.443086;-8.859021;0.566101;,
   -8.821406;-9.678138;0.025177;,
   -8.269092;-10.095933;0.099899;,
   -8.535831;-8.023433;0.416657;,
   -8.535831;-8.023433;0.416657;,
   -8.559955;-9.211258;-0.864914;,
   -8.821406;-9.678138;0.025177;,
   -7.963500;-7.185662;-0.623993;,
   -8.559955;-9.211258;-0.864914;,
   -7.999148;-9.629576;-0.790176;,
   -8.706497;-11.574992;-0.042969;,
   -7.999148;-9.629576;-0.790176;,
   -8.269092;-10.095933;0.099899;,
   -8.706497;-11.574992;-0.042969;,
   -8.269092;-10.095933;0.099899;,
   -8.821406;-9.678138;0.025177;,
   -8.706497;-11.574992;-0.042969;,
   -8.821406;-9.678138;0.025177;,
   -8.559955;-9.211258;-0.864914;,
   -8.706497;-11.574992;-0.042969;,
   -6.388954;-10.193353;-7.710450;,
   -6.127371;-9.740472;-6.201111;,
   -5.433624;-11.104003;-5.536484;,
   -6.542485;-9.526659;-8.063186;,
   -6.542485;-9.526659;-8.063186;,
   -7.631984;-9.268579;-6.217224;,
   -6.127371;-9.740472;-6.201111;,
   -7.603982;-9.162409;-8.092636;,
   -7.603982;-9.162409;-8.092636;,
   -7.147754;-10.512849;-5.597000;,
   -7.631984;-9.268579;-6.217224;,
   -7.327469;-10.116603;-7.600006;,
   -7.327469;-10.116603;-7.600006;,
   -5.433624;-11.104003;-5.536484;,
   -7.147754;-10.512849;-5.597000;,
   -6.388954;-10.193353;-7.710450;,
   -7.183601;-8.464770;-9.819519;,
   -6.542485;-9.526659;-8.063186;,
   -6.388954;-10.193353;-7.710450;,
   -7.183601;-8.464770;-9.819519;,
   -7.603982;-9.162409;-8.092636;,
   -6.542485;-9.526659;-8.063186;,
   -7.183601;-8.464770;-9.819519;,
   -7.327469;-10.116603;-7.600006;,
   -7.603982;-9.162409;-8.092636;,
   -7.183601;-8.464770;-9.819519;,
   -6.388954;-10.193353;-7.710450;,
   -7.327469;-10.116603;-7.600006;,
   -4.479181;-6.099385;1.428635;,
   -7.494036;-8.855198;-4.624710;,
   -6.041986;-5.514372;1.380127;,
   -5.760802;-9.466102;-4.569214;,
   -3.976180;-7.492475;2.114166;,
   -5.760802;-9.466102;-4.569214;,
   -4.479181;-6.099385;1.428635;,
   -5.113658;-10.866022;-3.878677;,
   -5.499758;-6.898354;2.052444;,
   -5.113658;-10.866022;-3.878677;,
   -3.976180;-7.492475;2.114166;,
   -6.818566;-10.270688;-3.940842;,
   -6.041986;-5.514372;1.380127;,
   -6.818566;-10.270688;-3.940842;,
   -5.499758;-6.898354;2.052444;,
   -7.494036;-8.855198;-4.624710;,
   -5.760802;-9.466102;-4.569214;,
   -7.631984;-9.268579;-6.217224;,
   -7.494036;-8.855198;-4.624710;,
   -6.127371;-9.740472;-6.201111;,
   -5.113658;-10.866022;-3.878677;,
   -6.127371;-9.740472;-6.201111;,
   -5.760802;-9.466102;-4.569214;,
   -5.433624;-11.104003;-5.536484;,
   -6.818566;-10.270688;-3.940842;,
   -5.433624;-11.104003;-5.536484;,
   -5.113658;-10.866022;-3.878677;,
   -7.147754;-10.512849;-5.597000;,
   -7.494036;-8.855198;-4.624710;,
   -7.147754;-10.512849;-5.597000;,
   -6.818566;-10.270688;-3.940842;,
   -7.631984;-9.268579;-6.217224;,
   -2.468616;-3.366604;2.138443;,
   -0.808789;-6.926434;0.696960;,
   -2.112275;-4.539742;-0.489563;,
   -1.233351;-6.202553;3.500137;,
   -1.233351;-6.202553;3.500137;,
   -2.718176;-9.089488;1.708862;,
   -0.808789;-6.926434;0.696960;,
   -3.321940;-8.488665;4.628784;,
   -3.321940;-8.488665;4.628784;,
