xof 0303txt 0032
template ColorRGBA {
 <35ff44e0-6c7c-11cf-8f52-0040333594a3>
 FLOAT red;
 FLOAT green;
 FLOAT blue;
 FLOAT alpha;
}

template ColorRGB {
 <d3e16e81-7835-11cf-8f52-0040333594a3>
 FLOAT red;
 FLOAT green;
 FLOAT blue;
}

template Material {
 <3d82ab4d-62da-11cf-ab39-0020af71e433>
 ColorRGBA faceColor;
 FLOAT power;
 ColorRGB specularColor;
 ColorRGB emissiveColor;
 [...]
}

template TextureFilename {
 <a42790e1-7810-11cf-8f52-0040333594a3>
 STRING filename;
}

template Frame {
 <3d82ab46-62da-11cf-ab39-0020af71e433>
 [...]
}

template Matrix4x4 {
 <f6f23f45-7686-11cf-8f52-0040333594a3>
 array FLOAT matrix[16];
}

template FrameTransformMatrix {
 <f6f23f41-7686-11cf-8f52-0040333594a3>
 Matrix4x4 frameMatrix;
}

template Vector {
 <3d82ab5e-62da-11cf-ab39-0020af71e433>
 FLOAT x;
 FLOAT y;
 FLOAT z;
}

template MeshFace {
 <3d82ab5f-62da-11cf-ab39-0020af71e433>
 DWORD nFaceVertexIndices;
 array DWORD faceVertexIndices[nFaceVertexIndices];
}

template Mesh {
 <3d82ab44-62da-11cf-ab39-0020af71e433>
 DWORD nVertices;
 array Vector vertices[nVertices];
 DWORD nFaces;
 array MeshFace faces[nFaces];
 [...]
}

template MeshNormals {
 <f6f23f43-7686-11cf-8f52-0040333594a3>
 DWORD nNormals;
 array Vector normals[nNormals];
 DWORD nFaceNormals;
 array MeshFace faceNormals[nFaceNormals];
}

template MeshMaterialList {
 <f6f23f42-7686-11cf-8f52-0040333594a3>
 DWORD nMaterials;
 DWORD nFaceIndexes;
 array DWORD faceIndexes[nFaceIndexes];
 [Material <3d82ab4d-62da-11cf-ab39-0020af71e433>]
}

template Coords2d {
 <f6f23f44-7686-11cf-8f52-0040333594a3>
 FLOAT u;
 FLOAT v;
}

template MeshTextureCoords {
 <f6f23f40-7686-11cf-8f52-0040333594a3>
 DWORD nTextureCoords;
 array Coords2d textureCoords[nTextureCoords];
}

template XSkinMeshHeader {
 <3cf169ce-ff7c-44ab-93c0-f78f62d172e2>
 WORD nMaxSkinWeightsPerVertex;
 WORD nMaxSkinWeightsPerFace;
 WORD nBones;
}

template SkinWeights {
 <6f0d123b-bad2-4167-a0d0-80224f25fabb>
 STRING transformNodeName;
 DWORD nWeights;
 array DWORD vertexIndices[nWeights];
 array FLOAT weights[nWeights];
 Matrix4x4 matrixOffset;
}

template AnimTicksPerSecond {
 <9e415a43-7ba6-4a73-8743-b73d47e88476>
 DWORD AnimTicksPerSecond;
}

template Animation {
 <3d82ab4f-62da-11cf-ab39-0020af71e433>
 [...]
}

template AnimationSet {
 <3d82ab50-62da-11cf-ab39-0020af71e433>
 [Animation <3d82ab4f-62da-11cf-ab39-0020af71e433>]
}

template FloatKeys {
 <10dd46a9-775b-11cf-8f52-0040333594a3>
 DWORD nValues;
 array FLOAT values[nValues];
}

template TimedFloatKeys {
 <f406b180-7b3b-11cf-8f52-0040333594a3>
 DWORD time;
 FloatKeys tfkeys;
}

template AnimationKey {
 <10dd46a8-775b-11cf-8f52-0040333594a3>
 DWORD keyType;
 DWORD nKeys;
 array TimedFloatKeys keys[nKeys];
}


Material Yui_tx {
 1.000000;1.000000;1.000000;1.000000;;
 0.000000;
 0.000000;0.000000;0.000000;;
 0.000000;0.000000;0.000000;;

 TextureFilename {
  "Kinoesaru_Yui_UV.png";
 }
}

Frame multi_mesh {
 

 FrameTransformMatrix {
  1.000000,0.000000,0.000000,0.000000,0.000000,1.000000,0.000000,0.000000,0.000000,0.000000,1.000000,0.000000,0.000000,0.000000,0.000000,1.000000;;
 }

 Frame Hip {
  

  FrameTransformMatrix {
   -0.000000,0.983692,-0.179863,0.000000,1.000000,0.000000,0.000000,0.000000,0.000000,-0.179863,-0.983692,0.000000,0.000000,90.437747,-0.486903,1.000000;;
  }

  Frame Spine {
   

   FrameTransformMatrix {
    0.985777,-0.000000,-0.168062,0.000000,0.000000,1.000000,-0.000000,0.000000,0.168062,0.000000,0.985777,0.000000,6.543083,0.000000,-0.000001,1.000000;;
   }

   Frame Chest {
    

    FrameTransformMatrix {
     0.930638,0.000000,-0.365942,0.000000,0.000000,1.000000,0.000000,0.000000,0.365942,-0.000000,0.930638,0.000000,16.862992,0.000000,0.000000,1.000000;;
    }

    Frame Neck {
     

     FrameTransformMatrix {
      0.807860,0.000000,0.589374,0.000000,0.000000,1.000000,-0.000000,0.000000,-0.589374,0.000000,0.807860,0.000000,17.936424,-0.000000,0.000004,1.000000;;
     }

     Frame Head1 {
      

      FrameTransformMatrix {
       0.991487,-0.000001,-0.130206,0.000000,0.000001,1.000000,-0.000000,0.000000,0.130206,0.000000,0.991487,0.000000,7.499420,-0.000000,0.000000,1.000000;;
      }

      Frame Head2 {
       

       FrameTransformMatrix {
        1.000000,0.000000,0.000000,0.000000,0.000000,1.000000,0.000000,0.000000,0.000000,0.000000,1.000000,0.000000,14.733062,0.000000,0.000002,1.000000;;
       }
      }
     }
    }

    Frame LeftArm1 {
     

     FrameTransformMatrix {
      0.124636,0.938133,-0.323068,0.000000,0.934954,-0.002042,0.354763,0.000000,0.332155,-0.346270,-0.877366,0.000000,14.805694,3.701483,2.450954,1.000000;;
     }

     Frame LeftArm2 {
      

      FrameTransformMatrix {
       0.937378,0.006162,-0.348258,0.000000,-0.003663,0.999963,0.007832,0.000000,0.348294,-0.006066,0.937366,0.000000,8.159533,0.000031,-0.000000,1.000000;;
      }

      Frame joint11 {
       

       FrameTransformMatrix {
        1.000000,0.000006,-0.000028,0.000000,-0.000006,1.000000,-0.000000,0.000000,0.000028,0.000000,1.000000,0.000000,20.015114,-0.000031,0.000000,1.000000;;
       }

       Frame LeftArm4 {
        

        FrameTransformMatrix {
         0.999807,-0.008979,0.017452,0.000000,0.017452,-0.000000,-0.999848,0.000000,0.008978,0.999960,0.000157,0.000000,20.654686,-0.000153,-0.000008,1.000000;;
        }

        Frame LeftThumb1 {
         

         FrameTransformMatrix {
          0.993750,0.019538,-0.109905,0.000000,-0.086242,-0.490734,-0.867031,0.000000,-0.070875,0.871090,-0.485982,0.000000,4.634518,3.088445,-0.402573,1.000000;;
         }

         Frame LeftThumb2 {
          

          FrameTransformMatrix {
           0.994901,-0.093431,-0.037977,0.000000,0.093352,0.995626,-0.003831,0.000000,0.038169,0.000267,0.999271,0.000000,2.776707,0.000000,0.000008,1.000000;;
          }

          Frame LeftThumb3 {
           

           FrameTransformMatrix {
            1.000000,0.000000,-0.000000,0.000000,0.000000,1.000000,0.000000,0.000000,-0.000000,0.000000,1.000000,0.000000,2.283440,0.000069,0.000042,1.000000;;
           }

           Frame LeftThumb4 {
            

            FrameTransformMatrix {
             0.011306,-0.533081,-0.845989,0.000000,-0.005395,0.845998,-0.533159,0.000000,0.999921,0.010592,0.006689,0.000000,1.960018,-0.000069,-0.000031,1.000000;;
            }
           }
          }
         }
        }

        Frame LeftIndex1 {
         

         FrameTransformMatrix {
          0.998524,-0.040976,-0.035653,0.000000,0.040998,0.999159,-0.000107,0.000000,0.035627,-0.001355,0.999364,0.000000,9.133579,1.161637,1.242722,1.000000;;
         }

         Frame LeftIndex2 {
          

          FrameTransformMatrix {
           1.000000,0.000000,0.000000,0.000000,0.000000,1.000000,-0.000000,0.000000,0.000000,0.000000,1.000000,0.000000,2.731888,0.041224,0.193451,1.000000;;
          }

          Frame LeftIndex3 {
           

           FrameTransformMatrix {
            1.000000,0.000000,0.000000,0.000000,0.000000,1.000000,-0.000000,0.000000,0.000000,-0.000000,1.000000,0.000000,2.021896,0.030503,0.143753,1.000000;;
           }

           Frame LeftIndex4 {
            

            FrameTransformMatrix {
             1.000000,-0.000000,0.000000,0.000000,0.000000,1.000000,-0.000000,0.000000,0.000000,0.000000,1.000000,0.000000,1.604885,0.024213,0.113983,1.000000;;
            }
           }
          }
         }
        }

        Frame LeftMiddle1 {
         

         FrameTransformMatrix {
          0.995425,-0.095545,0.000924,0.000000,0.095218,0.992724,0.073712,0.000000,-0.007960,-0.073287,0.997279,0.000000,8.685444,-0.713429,1.357880,1.000000;;
         }

         Frame LeftMiddle2 {
          

          FrameTransformMatrix {
           1.000000,-0.000000,-0.000000,0.000000,0.000000,1.000000,0.000000,0.000000,-0.000000,0.000000,1.000000,0.000000,3.285664,-0.061131,0.190063,1.000000;;
          }

          Frame LeftMiddle3 {
           

           FrameTransformMatrix {
            1.000000,-0.000000,-0.000000,0.000000,0.000000,1.000000,0.000000,0.000000,-0.000000,0.000000,1.000000,0.000000,2.613312,-0.048607,0.151657,1.000000;;
           }

           Frame LeftMiddle4 {
            

            FrameTransformMatrix {
             1.000000,-0.000000,-0.000000,0.000000,0.000000,1.000000,0.000000,0.000000,-0.000000,0.000000,1.000000,0.000000,1.858528,-0.034557,0.107864,1.000000;;
            }
           }
          }
         }
        }

        Frame LeftRing1 {
         

         FrameTransformMatrix {
          0.968214,-0.241250,0.066041,0.000000,0.228911,0.961064,0.154779,0.000000,-0.100810,-0.134741,0.985740,0.000000,8.228851,-2.508719,1.010727,1.000000;;
         }

         Frame LeftRing2 {
          

          FrameTransformMatrix {
           1.000000,0.000000,0.000000,0.000000,0.000000,1.000000,0.000000,0.000000,-0.000000,-0.000000,1.000000,0.000000,2.676842,-0.000023,-0.000092,1.000000;;
          }

          Frame LeftRing3 {
           

           FrameTransformMatrix {
            1.000000,0.000000,0.000000,0.000000,-0.000000,1.000000,-0.000000,0.000000,0.000000,0.000000,1.000000,0.000000,2.001465,0.000072,0.000374,1.000000;;
           }

           Frame LeftRing4 {
            

            FrameTransformMatrix {
             1.000000,0.000000,0.000000,0.000000,-0.000000,1.000000,-0.000000,0.000000,0.000000,0.000000,1.000000,0.000000,1.700630,-0.000055,-0.000275,1.000000;;
            }
           }
          }
         }
        }

        Frame LeftLittle1 {
         

         FrameTransformMatrix {
          0.912423,-0.408297,-0.027908,0.000000,0.393056,0.855287,0.337627,0.000000,-0.113983,-0.319028,0.940866,0.000000,7.557038,-4.106944,0.449631,1.000000;;
         }

         Frame LeftLittle2 {
          

          FrameTransformMatrix {
           1.000000,-0.000000,0.000000,0.000000,0.000000,1.000000,0.000000,0.000000,0.000000,0.000000,1.000000,0.000000,1.566185,0.000111,0.000259,1.000000;;
          }

          Frame LeftLittle3 {
           

           FrameTransformMatrix {
            1.000000,0.000000,0.000000,0.000000,0.000000,1.000000,-0.000000,0.000000,-0.000000,-0.000000,1.000000,0.000000,1.502255,0.000011,0.000061,1.000000;;
           }

           Frame LeftLittle4 {
            

            FrameTransformMatrix {
             1.000000,-0.000000,0.000000,0.000000,-0.000000,1.000000,0.000000,0.000000,0.000000,0.000000,1.000000,0.000000,1.438980,-0.000114,-0.000336,1.000000;;
            }
           }
          }
         }
        }
       }
      }
     }
    }

    Frame RightArm1 {
     

     FrameTransformMatrix {
      -0.124636,0.938133,0.323067,0.000000,-0.934954,-0.002043,-0.354763,0.000000,-0.332154,-0.346269,0.877366,0.000000,14.805611,-3.701477,2.450920,1.000000;;
     }

     Frame RightArm2 {
      

      FrameTransformMatrix {
       0.937379,0.006159,-0.348258,0.000000,-0.003632,0.999962,0.007909,0.000000,0.348294,-0.006149,0.937365,0.000000,-8.159527,-0.000397,0.000002,1.000000;;
      }

      Frame joint11_ {
       

       FrameTransformMatrix {
        1.000000,0.000012,-0.000027,0.000000,-0.000012,1.000000,-0.000002,0.000000,0.000027,0.000002,1.000000,0.000000,-20.015115,0.000305,-0.000001,1.000000;;
       }

       Frame RightArm4 {
        

        FrameTransformMatrix {
         0.999807,-0.008979,0.017452,0.000000,0.017452,-0.000000,-0.999848,0.000000,0.008978,0.999960,0.000157,0.000000,-20.654637,0.000504,0.000010,1.000000;;
        }

        Frame RightThumb1 {
         

         FrameTransformMatrix {
          0.993750,0.019538,-0.109905,0.000000,-0.086242,-0.490734,-0.867031,0.000000,-0.070875,0.871090,-0.485982,0.000000,-4.634567,-3.088444,0.401810,1.000000;;
         }

         Frame RightThumb2 {
          

          FrameTransformMatrix {
           0.994901,-0.093431,-0.037977,0.000000,0.093352,0.995626,-0.003831,0.000000,0.038169,0.000267,0.999272,0.000000,-2.776768,-0.000610,-0.000328,1.000000;;
          }

          Frame RightThumb3 {
           

           FrameTransformMatrix {
            1.000000,-0.000000,0.000000,0.000000,0.000000,1.000000,-0.000000,0.000000,0.000000,-0.000000,1.000000,0.000000,-2.283451,0.000282,0.000153,1.000000;;
           }

           Frame RightThumb4 {
            

            FrameTransformMatrix {
             0.011306,-0.533081,-0.845989,0.000000,-0.005395,0.845998,-0.533159,0.000000,0.999922,0.010592,0.006689,0.000000,-1.959991,-0.000114,-0.000057,1.000000;;
            }
           }
          }
         }
        }

        Frame RightIndex1 {
         

         FrameTransformMatrix {
          0.998524,-0.040976,-0.035653,0.000000,0.040998,0.999159,-0.000107,0.000000,0.035627,-0.001355,0.999364,0.000000,-9.133629,-1.161639,-1.242920,1.000000;;
         }

         Frame RightIndex2 {
          

          FrameTransformMatrix {
           1.000000,0.000000,0.000000,0.000000,-0.000000,1.000000,-0.000000,0.000000,0.000000,-0.000000,1.000000,0.000000,-2.731876,-0.041221,-0.193619,1.000000;;
          }

          Frame RightIndex3 {
           

           FrameTransformMatrix {
            1.000000,0.000000,0.000000,0.000000,-0.000000,1.000000,-0.000000,0.000000,0.000000,0.000000,1.000000,0.000000,-2.021900,-0.030503,-0.143784,1.000000;;
           }

           Frame RightIndex4 {
            

            FrameTransformMatrix {
             1.000000,-0.000000,0.000000,0.000000,-0.000000,1.000000,0.000000,0.000000,-0.000000,0.000000,1.000000,0.000000,-1.604916,-0.024214,-0.113541,1.000000;;
            }
           }
          }
         }
        }

        Frame RightMiddle1 {
         

         FrameTransformMatrix {
          0.995425,-0.095545,0.000924,0.000000,0.095218,0.992724,0.073712,0.000000,-0.007960,-0.073287,0.997279,0.000000,-8.685501,0.713435,-1.357834,1.000000;;
         }

         Frame RightMiddle2 {
          

          FrameTransformMatrix {
           1.000000,0.000000,0.000000,0.000000,-0.000000,1.000000,0.000000,0.000000,0.000000,0.000000,1.000000,0.000000,-3.285648,0.061094,-0.190552,1.000000;;
          }

          Frame RightMiddle3 {
           

           FrameTransformMatrix {
            1.000000,0.000000,0.000000,0.000000,-0.000000,1.000000,0.000000,0.000000,0.000000,0.000000,1.000000,0.000000,-2.613327,0.048607,-0.151596,1.000000;;
           }

           Frame RightMiddle4 {
            

            FrameTransformMatrix {
             1.000000,0.000000,0.000000,0.000000,-0.000000,1.000000,-0.000000,0.000000,-0.000000,-0.000000,1.000000,0.000000,-1.858551,0.034580,-0.107574,1.000000;;
            }
           }
          }
         }
        }

        Frame RightRing1 {
         

         FrameTransformMatrix {
          0.968213,-0.241250,0.066041,0.000000,0.228911,0.961064,0.154779,0.000000,-0.100810,-0.134741,0.985740,0.000000,-8.228901,2.508719,-1.010742,1.000000;;
         }

         Frame RightRing2 {
          

          FrameTransformMatrix {
           1.000000,0.000000,-0.000000,0.000000,0.000000,1.000000,-0.000000,0.000000,0.000000,0.000000,1.000000,0.000000,-2.676865,-0.000042,-0.000298,1.000000;;
          }

          Frame RightRing3 {
           

           FrameTransformMatrix {
            1.000000,0.000000,-0.000000,0.000000,0.000000,1.000000,-0.000000,0.000000,0.000000,0.000000,1.000000,0.000000,-2.001457,-0.000067,-0.000389,1.000000;;
           }

           Frame RightRing4 {
            

            FrameTransformMatrix {
             1.000000,0.000000,-0.000000,0.000000,-0.000000,1.000000,0.000000,0.000000,0.000000,0.000000,1.000000,0.000000,-1.700661,0.000008,-0.000008,1.000000;;
            }
           }
          }
         }
        }

        Frame RightLittle1 {
         

         FrameTransformMatrix {
          0.912423,-0.408296,-0.027908,0.000000,0.393056,0.855287,0.337627,0.000000,-0.113983,-0.319028,0.940866,0.000000,-7.557122,4.106946,-0.450439,1.000000;;
         }

         Frame RightLittle2 {
          

          FrameTransformMatrix {
           1.000000,0.000000,-0.000000,0.000000,-0.000000,1.000000,-0.000000,0.000000,-0.000000,-0.000000,1.000000,0.000000,-1.566158,0.000038,0.000084,1.000000;;
          }

          Frame RightLittle3 {
           

           FrameTransformMatrix {
            1.000000,0.000000,-0.000000,0.000000,-0.000000,1.000000,0.000000,0.000000,0.000000,-0.000000,1.000000,0.000000,-1.502251,-0.000015,-0.000069,1.000000;;
           }

           Frame RightLittle4 {
            

            FrameTransformMatrix {
             1.000000,0.000000,-0.000000,0.000000,0.000000,1.000000,0.000000,0.000000,-0.000000,0.000000,1.000000,0.000000,-1.439022,0.000244,0.000710,1.000000;;
            }
           }
          }
         }
        }
       }
      }
     }
    }
   }

   Frame Tail1 {
    

    FrameTransformMatrix {
     -0.017042,-0.000000,-0.999855,0.000000,-0.000000,1.000000,0.000000,0.000000,0.999855,0.000000,-0.017042,0.000000,1.360039,0.000000,-11.348917,1.000000;;
    }

    Frame Tail2 {
     

     FrameTransformMatrix {
      0.999923,0.000000,-0.012367,0.000000,-0.000000,1.000000,-0.000000,0.000000,0.012367,-0.000000,0.999923,0.000000,19.144939,0.000000,0.000000,1.000000;;
     }

     Frame Tail3 {
      

      FrameTransformMatrix {
       0.999667,0.000000,0.025805,0.000000,-0.000000,1.000000,0.000000,0.000000,-0.025805,0.000000,0.999667,0.000000,20.481539,0.000000,0.000000,1.000000;;
      }

      Frame Tail4 {
       

       FrameTransformMatrix {
        0.999791,0.000000,-0.020467,0.000000,-0.000000,1.000000,0.000000,0.000000,0.020467,0.000000,0.999791,0.000000,22.115669,0.000000,0.000000,1.000000;;
       }

       Frame Tail5 {
        

        FrameTransformMatrix {
         1.000000,0.000000,0.000000,0.000000,-0.000000,1.000000,0.000000,0.000000,0.000000,0.000000,1.000000,0.000000,14.554658,0.000000,0.000015,1.000000;;
        }
       }
      }
     }
    }
   }
  }

  Frame LeftLeg1 {
   

   FrameTransformMatrix {
    -0.987670,0.000063,0.156547,0.000000,-0.000300,0.999997,-0.002298,0.000000,-0.156547,-0.002316,-0.987668,0.000000,-8.309677,10.000000,1.123331,1.000000;;
   }

   Frame LeftLeg2 {
    

    FrameTransformMatrix {
     0.998786,-0.000000,0.049272,0.000000,0.000000,1.000000,-0.000000,0.000000,-0.049272,-0.000000,0.998786,0.000000,33.500998,-0.000002,-0.000000,1.000000;;
    }

    Frame LeftLeg3 {
     

     FrameTransformMatrix {
      0.165847,-0.000000,-0.986151,0.000000,0.000000,1.000000,-0.000000,0.000000,0.986152,0.000000,0.165847,0.000000,41.837485,0.000001,0.000000,1.000000;;
     }

     Frame LeftLeg4 {
      

      FrameTransformMatrix {
       1.000000,-0.000000,0.000000,0.000000,0.000000,1.000000,0.000000,0.000000,-0.000000,0.000000,1.000000,0.000000,12.786518,0.000000,0.000000,1.000000;;
      }
     }
    }
   }
  }

  Frame RightLeg1 {
   

   FrameTransformMatrix {
    0.987671,0.000063,-0.156547,0.000000,0.000298,0.999997,0.002283,0.000000,0.156547,-0.002301,0.987668,0.000000,-8.309631,-10.000000,1.123323,1.000000;;
   }

   Frame RightLeg2 {
    

    FrameTransformMatrix {
     0.998785,0.000000,0.049272,0.000000,0.000000,1.000000,-0.000000,0.000000,-0.049272,0.000000,0.998786,0.000000,-33.501066,-0.000002,0.000003,1.000000;;
    }

    Frame RightLeg3 {
     

     FrameTransformMatrix {
      0.165847,-0.000000,-0.986152,0.000000,0.000000,1.000000,-0.000000,0.000000,0.986152,0.000000,0.165847,0.000000,-41.837450,0.000000,0.000000,1.000000;;
     }

     Frame RightLeg4 {
      

      FrameTransformMatrix {
       1.000000,0.000000,0.000000,0.000000,0.000000,1.000000,-0.000000,0.000000,0.000000,-0.000000,1.000000,0.000000,-12.786519,-0.000004,-0.000004,1.000000;;
      }
     }
    }
   }
  }
 }

 Frame cos1 {
  

  FrameTransformMatrix {
   1.000000,0.000000,0.000000,0.000000,0.000000,-0.000000,-1.000000,0.000000,0.000000,1.000000,-0.000000,0.000000,0.000004,84.412531,36.821181,1.000000;;
  }

  Mesh cos1 {
   16942;
   51.267747;32.376467;46.003958;,
   52.243690;32.348842;46.091270;,
   51.267747;31.983971;45.617882;,
   52.452922;31.638176;46.038307;,
   51.267741;31.432419;45.418634;,
   52.243690;31.360099;45.472589;,
   51.267741;31.380803;44.909402;,
   52.452928;30.821293;45.069984;,
   51.267747;31.071827;44.471536;,
   52.243690;30.982432;44.471536;,
   51.267747;31.380803;44.033667;,
   52.452928;30.821293;43.873085;,
   51.267747;31.432422;43.524429;,
   52.243693;31.360099;43.470483;,
   51.267747;31.983971;43.325181;,
   52.452931;31.638176;42.904746;,
   51.267747;32.376467;42.939094;,
   52.243690;32.348842;42.851798;,
   51.267747;32.959920;43.054557;,
   52.452928;32.959920;42.534880;,
   51.267747;32.959920;43.054557;,
   52.452928;32.959920;42.534880;,
   51.267747;33.543373;42.939094;,
   52.243690;33.570995;42.851798;,
   51.267747;33.935869;43.325181;,
   52.452931;34.281661;42.904746;,
   51.267747;34.487414;43.524429;,
   52.243693;34.559738;43.470483;,
   51.267747;34.539037;44.033667;,
   52.452928;35.098544;43.873085;,
   51.267747;34.848010;44.471536;,
   52.243690;34.937405;44.471536;,
   51.267741;34.539030;44.909402;,
   52.452928;35.098544;45.069984;,
   51.267741;34.487414;45.418634;,
   52.243690;34.559738;45.472589;,
   51.267747;33.935869;45.617882;,
   52.452922;34.281661;46.038307;,
   51.267747;33.543373;46.003958;,
   52.243690;33.570995;46.091270;,
   51.267747;32.959920;45.888496;,
   52.452928;32.959920;46.408179;,
   53.185408;31.973312;47.123482;,
   52.846858;31.309610;46.455344;,
   53.185408;30.376947;46.110528;,
   52.846858;30.289661;45.229270;,
   53.185408;29.767190;44.471520;,
   52.846864;30.289661;43.713782;,
   53.185408;30.376947;42.832528;,
   52.846864;31.309610;42.487709;,
   53.185408;31.973312;41.819571;,
   52.846858;32.959920;42.019395;,
   52.846858;32.959920;42.019395;,
   53.185408;33.946525;41.819571;,
   52.846864;34.610230;42.487709;,
   53.185408;35.542890;42.832528;,
   52.846864;35.630176;43.713782;,
   53.185408;36.152650;44.471520;,
   52.846858;35.630176;45.229270;,
   53.185408;35.542890;46.110512;,
   52.846858;34.610230;46.455344;,
   53.185408;33.946525;47.123482;,
   52.846858;32.959920;46.923667;,
   52.846858;31.775197;47.684211;,
   53.185405;30.397389;47.579184;,
   52.846858;29.858272;46.457069;,
   53.185408;28.813661;45.658547;,
   52.846858;29.126070;44.471520;,
   53.185408;28.813661;43.284509;,
   52.846858;29.858272;42.485978;,
   53.185408;30.397392;41.363862;,
   52.846858;31.775197;41.258842;,
   53.185408;32.959920;40.630240;,
   53.185408;32.959920;40.630240;,
   52.846858;34.144643;41.258842;,
   53.185408;35.522445;41.363862;,
   52.846858;36.061565;42.485978;,
   53.185408;37.106176;43.284509;,
   52.846858;36.793763;44.471520;,
   53.185408;37.106176;45.658547;,
   52.846858;36.061565;46.457069;,
   53.185405;35.522445;47.579184;,
   52.846864;34.144643;47.684211;,
   53.185408;32.959920;48.312813;,
   52.452922;31.320992;48.934915;,
   52.243690;30.218467;47.810403;,
   52.452922;28.669152;47.230048;,
   52.243693;28.524154;45.746864;,
   52.452928;27.656240;44.471536;,
   52.243690;28.524154;43.196189;,
   52.452928;28.669152;41.713011;,
   52.243693;30.218467;41.132659;,
   52.452928;31.320992;40.008157;,
   52.243690;32.959920;40.344461;,
   52.243690;32.959920;40.344461;,
   52.452928;34.598848;40.008157;,
   52.243693;35.701370;41.132659;,
   52.452928;37.250682;41.713011;,
   52.243690;37.395680;43.196198;,
   52.452928;38.263597;44.471536;,
   52.243690;37.395680;45.746864;,
   52.452928;37.250682;47.230048;,
   52.243690;35.701370;47.810403;,
   52.452928;34.598848;48.934915;,
   52.243690;32.959920;48.598611;,
   51.267747;31.420662;48.668723;,
   51.267747;29.630544;48.531517;,
   51.267747;28.930090;47.065530;,
   51.267747;27.572877;46.022301;,
   51.267747;27.978778;44.471536;,
   51.267747;27.572877;42.920752;,
   51.267747;28.930093;41.877526;,
   51.267741;29.630544;40.411546;,
   51.267747;31.420662;40.274346;,
   51.267747;32.959920;39.453110;,
   51.267747;32.959920;39.453110;,
   51.267747;34.499178;40.274346;,
   51.267741;36.289296;40.411546;,
   51.267747;36.989747;41.877526;,
   51.267747;38.346963;42.920752;,
   51.267747;37.941059;44.471536;,
   51.267747;38.346963;46.022301;,
   51.267747;36.989747;47.065530;,
   51.267747;36.289296;48.531517;,
   51.267747;34.499178;48.668710;,
   51.267747;32.959920;49.489952;,
   50.291798;30.218467;47.810387;,
   50.082560;31.320992;48.934899;,
   50.082560;28.669152;47.230048;,
   50.291798;28.524154;45.746864;,
   50.082566;27.656240;44.471536;,
   50.291798;28.524154;43.196198;,
   50.082560;28.669152;41.713011;,
   50.291798;30.218467;41.132659;,
   50.082560;31.320992;40.008157;,
   50.291798;32.959920;40.344461;,
   50.082560;34.598848;40.008157;,
   50.291798;32.959920;40.344461;,
   50.291798;35.701370;41.132659;,
   50.082560;37.250682;41.713011;,
   50.291798;37.395680;43.196198;,
   50.291798;37.623955;44.471520;,
   50.291798;37.395680;45.746864;,
   50.082566;37.250682;47.230048;,
   50.291798;35.701370;47.810387;,
   50.082566;34.598848;48.934899;,
   50.291798;32.959920;48.598595;,
   49.350080;30.397389;47.579200;,
   49.688630;31.775197;47.684211;,
   49.688630;29.858272;46.457085;,
   49.350083;28.813661;45.658563;,
   49.688630;29.126070;44.471536;,
   49.350083;28.813661;43.284509;,
   49.688630;29.858272;42.485984;,
   49.350083;30.397392;41.363862;,
   49.688630;31.775197;41.258851;,
   49.350083;32.959920;40.630240;,
   49.688630;34.144643;41.258851;,
   49.350083;32.959920;40.630240;,
   49.350083;35.522445;41.363862;,
   49.688630;36.061565;42.485984;,
   49.350083;37.106179;43.284509;,
   49.688630;36.793766;44.471536;,
   49.350080;37.106179;45.658563;,
   49.688630;36.061565;46.457085;,
   49.350080;35.522445;47.579200;,
   49.688634;34.144643;47.684211;,
   49.350083;32.959920;48.312829;,
   49.688630;31.309610;46.455360;,
   49.350080;31.973312;47.123498;,
   49.350083;30.376944;46.110541;,
   49.688630;30.289661;45.229286;,
   49.350083;29.767190;44.471536;,
   49.688630;30.289661;43.713782;,
   49.350080;30.376947;42.832534;,
   49.688630;31.309610;42.487715;,
   49.350083;31.973312;41.819571;,
   49.688630;32.959920;42.019395;,
   49.350083;33.946525;41.819571;,
   49.688630;32.959920;42.019395;,
   49.688630;34.610230;42.487715;,
   49.350080;35.542893;42.832534;,
   49.688630;35.630176;43.713782;,
   49.350083;36.152650;44.471536;,
   49.688630;35.630176;45.229286;,
   49.350083;35.542890;46.110541;,
   49.688630;34.610230;46.455344;,
   49.350080;33.946525;47.123498;,
   49.688630;32.959920;46.923667;,
   50.082560;31.638176;46.038307;,
   50.291798;32.348842;46.091254;,
   50.291798;31.360099;45.472573;,
   50.082560;30.821293;45.069984;,
   50.291798;30.982432;44.471520;,
   50.082566;30.821293;43.873069;,
   50.291798;31.360099;43.470490;,
   50.082566;31.638176;42.904746;,
   50.291798;32.348842;42.851798;,
   50.082560;32.959920;42.534880;,
   50.291798;33.570995;42.851798;,
   50.082560;32.959920;42.534880;,
   50.082566;34.281661;42.904746;,
   50.291798;34.559738;43.470490;,
   50.082566;35.098544;43.873069;,
   50.291798;34.937405;44.471520;,
   50.082560;35.098544;45.069984;,
   50.291798;34.559738;45.472573;,
   50.082560;34.281661;46.038307;,
   50.291798;33.570995;46.091254;,
   50.082560;32.959920;46.408179;,
   51.267747;31.983971;45.617882;,
   51.267747;32.376467;46.003958;,
   51.267741;31.432419;45.418634;,
   51.267741;31.380803;44.909402;,
   51.267747;31.071827;44.471536;,
   51.267747;31.380803;44.033667;,
   51.267747;31.432422;43.524429;,
   51.267747;31.983971;43.325181;,
   51.267747;32.376467;42.939094;,
   51.267747;32.959920;43.054557;,
   51.267747;33.543373;42.939094;,
   51.267747;32.959920;43.054557;,
   51.267747;33.935869;43.325181;,
   51.267747;34.487414;43.524429;,
   51.267747;34.539037;44.033667;,
   51.267747;34.848010;44.471536;,
   51.267741;34.539030;44.909402;,
   51.267741;34.487414;45.418634;,
   51.267747;33.935869;45.617882;,
   51.267747;33.543373;46.003958;,
   51.267747;32.959920;45.888496;,
   3.208086;39.046570;46.992774;,
   1.576598;40.590150;45.850150;,
   1.323321;39.350314;46.783347;,
   3.714647;39.791171;46.246362;,
   6.471236;37.199414;47.422173;,
   6.020171;38.607792;46.386880;,
   5.012395;38.086826;47.207466;,
   7.948076;37.424413;47.013510;,
   7.072573;35.678621;48.220086;,
   7.777415;35.751882;48.174950;,
   7.104375;33.012995;48.683005;,
   7.674230;33.008790;48.655328;,
   7.004722;30.703846;48.462045;,
   7.674230;33.008790;48.655328;,
   7.104375;33.012995;48.683005;,
   7.644308;30.704915;48.174950;,
   6.053706;29.145885;48.084403;,
   7.723239;29.169773;46.742957;,
   4.561490;28.155670;47.874381;,
   5.441936;28.008186;46.081018;,
   4.687066;29.217696;49.202278;,
   5.205042;30.730045;49.393318;,
   5.536890;32.740032;49.341315;,
   5.536890;32.740032;49.341315;,
   5.297105;34.930442;48.838934;,
   4.680910;36.727222;48.097466;,
   3.685141;37.162602;47.839011;,
   2.689375;37.597984;47.717795;,
   1.114198;38.118173;47.612800;,
   8.239209;39.615994;44.190086;,
   6.734994;40.403037;44.159843;,
   4.673924;41.121776;44.244714;,
   2.165495;41.738006;44.244714;,
   7.748477;28.674394;44.254416;,
   5.898791;28.051558;43.650947;,
   8.882448;40.806557;41.583741;,
   7.554313;41.762979;41.583114;,
   5.507403;42.799226;41.582138;,
   2.558871;43.364102;41.606262;,
   6.310700;28.100480;40.926726;,
   3.559055;27.514698;43.323699;,
   3.885822;27.788806;40.710771;,
   8.146675;28.987542;41.583741;,
   6.824620;28.704154;38.313811;,
   3.882809;28.590726;38.313811;,
   8.731086;29.380406;38.917421;,
   -0.000004;38.182230;47.557549;,
   -0.000004;39.319670;46.673149;,
   -0.000004;40.695734;45.267478;,
   -0.000004;41.841693;44.244714;,
   -0.000004;43.327706;41.606262;,
   10.369433;41.649731;33.412224;,
   10.834094;39.541114;33.970192;,
   10.708499;39.932496;31.944298;,
   10.721070;40.907050;36.036019;,
   9.051672;31.981686;33.731955;,
   6.958788;29.365146;36.706832;,
   7.031854;30.106640;35.038192;,
   8.977772;30.895939;36.545869;,
   10.087059;42.549680;34.382730;,
   9.992346;42.501683;36.736320;,
   3.985122;30.017501;35.229315;,
   3.954172;29.263629;36.800659;,
   6.783889;45.469677;37.738198;,
   7.121866;46.232307;35.861405;,
   5.601811;45.961555;37.551322;,
   10.223057;34.809072;32.085146;,
   10.446532;34.071498;34.039366;,
   10.795602;37.379699;31.450157;,
   10.916291;36.905546;33.396262;,
   10.916291;36.905546;33.396262;,
   10.795602;37.379699;31.450157;,
   10.038684;41.230550;38.395402;,
   8.469030;43.004621;39.251466;,
   6.126470;43.693779;40.698762;,
   3.294121;44.599626;39.976349;,
   9.529610;41.058125;27.441757;,
   9.711878;39.175744;24.394112;,
   9.422399;41.700966;24.468582;,
   9.729855;38.786330;26.931123;,
   8.507547;43.793434;25.210877;,
   8.828997;43.317005;28.387802;,
   7.747719;44.902339;29.906691;,
   6.908261;45.436531;26.427170;,
   3.108869;46.635309;30.937888;,
   4.975844;46.251907;27.849587;,
   2.358688;46.773866;29.025322;,
   5.624385;46.144682;29.637488;,
   6.079862;33.332579;25.917480;,
   3.585284;32.211747;29.346131;,
   3.425994;33.323475;26.243568;,
   6.355713;32.268298;28.820893;,
   8.065206;34.680432;25.213746;,
   8.239258;33.762730;28.457923;,
   9.309803;36.489658;27.328429;,
   9.255178;36.662896;24.574760;,
   9.729855;38.786330;26.931123;,
   9.711878;39.175744;24.394112;,
   -0.000004;44.709312;39.705034;,
   1.914538;45.406858;38.223456;,
   -0.000004;45.834672;35.856445;,
   -0.000004;45.317734;38.193222;,
   1.423353;45.811981;35.935264;,
   -0.000004;46.239296;31.145987;,
   -0.000004;46.693763;29.344720;,
   0.817102;33.434944;26.073150;,
   0.432468;32.324474;29.552086;,
   6.783606;31.172410;32.639085;,
   3.936844;31.098899;32.953126;,
   -0.000004;46.017117;33.255776;,
   1.693118;46.288611;33.253677;,
   6.444922;46.340941;33.077056;,
   5.441300;46.687072;33.558547;,
   9.423727;43.414669;32.066650;,
   9.594955;42.399213;30.675981;,
   10.231190;40.472365;29.723283;,
   10.357762;38.054346;29.414109;,
   10.357762;38.054346;29.414109;,
   9.951131;35.615107;29.935110;,
   8.901154;32.835907;31.202394;,
   7.892832;45.099107;37.267302;,
   8.295873;45.041488;36.109123;,
   8.517202;44.981658;35.141466;,
   8.267714;45.362064;34.104659;,
   -0.000004;33.546416;26.072998;,
   -0.000004;32.437210;29.604461;,
   4.700578;46.761395;34.545325;,
   4.553256;46.664000;35.946419;,
   4.909665;46.415818;36.870058;,
   7.511094;45.862842;33.301238;,
   2.860374;46.390058;36.038253;,
   3.221428;46.083085;37.546365;,
   3.042022;46.848634;33.714461;,
   4.247331;46.785850;32.212272;,
   5.897607;46.343376;31.186592;,
   7.818529;45.377626;31.482301;,
   9.496213;43.774704;34.652816;,
   8.985238;44.413344;32.962861;,
   9.330307;43.711856;36.394464;,
   8.159430;44.084899;38.320326;,
   6.421240;44.711827;39.306442;,
   4.393118;45.491920;38.888397;,
   9.767822;41.689187;21.652542;,
   10.287700;38.936109;22.114266;,
   10.107029;38.901219;21.652542;,
   9.959994;41.822502;22.148888;,
   8.706306;44.087126;21.865707;,
   8.930157;44.265107;22.607880;,
   6.963834;45.701923;22.415016;,
   7.192699;46.027715;23.467141;,
   2.123169;47.392266;25.295715;,
   4.874699;47.115040;24.659538;,
   4.464456;46.870131;23.407798;,
   2.314567;47.680275;26.216560;,
   3.493047;32.618026;22.973656;,
   5.857940;33.157114;21.652542;,
   6.179892;32.667024;22.822128;,
   3.320199;33.080480;21.652565;,
   7.955104;34.325987;21.652542;,
   8.300173;34.022634;22.495109;,
   9.339579;36.246230;21.652565;,
   9.641774;36.133018;22.198189;,
   10.107029;38.901219;21.652542;,
   10.287700;38.936109;22.114266;,
   -0.000004;47.107904;25.811302;,
   -0.000004;47.475162;26.640984;,
   0.696230;32.759117;22.894448;,
   0.545256;33.227149;21.652565;,
   -0.000004;32.945130;22.894440;,
   -0.000004;33.451312;21.652565;,
   -3.208094;39.046570;46.992774;,
   -1.576606;40.590150;45.850150;,
   -3.714655;39.791171;46.246362;,
   -1.323329;39.350314;46.783347;,
   -6.471244;37.199414;47.422173;,
   -6.020179;38.607792;46.386880;,
   -7.948083;37.424413;47.013510;,
   -5.012402;38.086826;47.207466;,
   -7.072581;35.678621;48.220086;,
   -7.777423;35.751882;48.174950;,
   -7.104382;33.012995;48.683005;,
   -7.674238;33.008790;48.655328;,
   -7.004730;30.703846;48.462045;,
   -7.674238;33.008790;48.655328;,
   -7.644315;30.704915;48.174950;,
   -7.104382;33.012995;48.683005;,
   -6.053713;29.145885;48.084403;,
   -7.723246;29.169773;46.742957;,
   -4.561497;28.155670;47.874381;,
   -5.441944;28.008186;46.081018;,
   -4.067768;27.658179;45.800483;,
   -4.687073;29.217696;49.202278;,
   -5.205050;30.730045;49.393318;,
   -5.536897;32.740032;49.341315;,
   -5.536897;32.740032;49.341315;,
   -5.297113;34.930442;48.838934;,
   -4.680918;36.727222;48.097466;,
   -3.685149;37.162602;47.839011;,
   -2.689382;37.597984;47.717795;,
   -1.114206;38.118173;47.612800;,
   -8.239217;39.615994;44.190086;,
   -6.735002;40.403037;44.159843;,
   -4.673932;41.121776;44.244714;,
   -2.165503;41.738006;44.244714;,
   -5.898799;28.051558;43.650947;,
   -3.559063;27.514698;43.323699;,
   -7.748484;28.674394;44.254416;,
   -8.882456;40.806557;41.583741;,
   -7.554320;41.762979;41.583114;,
   -5.507410;42.799226;41.582138;,
   -2.558879;43.364102;41.606262;,
   -6.310707;28.100480;40.926726;,
   -3.885830;27.788806;40.710771;,
   -8.146682;28.987542;41.583741;,
   -6.824628;28.704154;38.313811;,
   -3.882816;28.590726;38.313811;,
   -8.731094;29.380406;38.917421;,
   -2.725894;28.653594;38.313811;,
   -3.101213;27.814118;40.710771;,
   -10.369440;41.649731;33.412224;,
   -10.834102;39.541114;33.970192;,
   -10.721078;40.907050;36.036019;,
   -10.708506;39.932496;31.944298;,
   -9.051680;31.981686;33.731955;,
   -6.958796;29.365146;36.706832;,
   -8.977779;30.895939;36.545869;,
   -7.031862;30.106640;35.038192;,
   -10.087066;42.549680;34.382730;,
   -9.992354;42.501683;36.736320;,
   -3.985129;30.017501;35.229315;,
   -3.954180;29.263629;36.800659;,
   -6.783897;45.469677;37.738198;,
   -5.601818;45.961555;37.551322;,
   -7.121873;46.232307;35.861405;,
   -10.223065;34.809072;32.085146;,
   -10.446540;34.071498;34.039366;,
   -10.795610;37.379699;31.450157;,
   -10.916299;36.905546;33.396262;,
   -10.916299;36.905546;33.396262;,
   -10.795610;37.379699;31.450157;,
   -10.038691;41.230550;38.395402;,
   -8.469038;43.004621;39.251466;,
   -6.126478;43.693779;40.698762;,
   -3.294128;44.599626;39.976349;,
   -9.529618;41.058125;27.441757;,
   -9.711886;39.175744;24.394112;,
   -9.729863;38.786330;26.931123;,
   -9.422407;41.700966;24.468582;,
   -8.507555;43.793434;25.210877;,
   -8.829004;43.317005;28.387802;,
   -7.747726;44.902339;29.906691;,
   -6.908269;45.436531;26.427170;,
   -3.108877;46.635309;30.937888;,
   -4.975852;46.251907;27.849587;,
   -5.624393;46.144682;29.637488;,
   -2.358696;46.773866;29.025322;,
   -6.079870;33.332579;25.917480;,
   -3.585292;32.211747;29.346131;,
   -6.355720;32.268298;28.820893;,
   -3.426002;33.323475;26.243568;,
   -8.065214;34.680432;25.213746;,
   -8.239266;33.762730;28.457923;,
   -9.309810;36.489658;27.328429;,
   -9.255186;36.662896;24.574760;,
   -9.729863;38.786330;26.931123;,
   -9.711886;39.175744;24.394112;,
   -1.914546;45.406858;38.223456;,
   -1.423361;45.811981;35.935264;,
   -0.817110;33.434944;26.073150;,
   -0.432475;32.324474;29.552086;,
   -2.429505;29.338928;36.808106;,
   -2.174766;30.104422;35.246797;,
   -6.783614;31.172410;32.639085;,
   -3.936852;31.098899;32.953126;,
   -1.569812;31.199002;33.152413;,
   -1.693125;46.288611;33.253677;,
   -5.441308;46.687072;33.558547;,
   -6.444929;46.340941;33.077056;,
   -9.423734;43.414669;32.066650;,
   -9.594963;42.399213;30.675981;,
   -10.231198;40.472365;29.723283;,
   -10.357769;38.054346;29.414109;,
   -10.357769;38.054346;29.414109;,
   -9.951138;35.615107;29.935110;,
   -8.901162;32.835907;31.202394;,
   -8.295880;45.041488;36.109123;,
   -7.892840;45.099107;37.267302;,
   -8.267721;45.362064;34.104659;,
   -8.517210;44.981658;35.141466;,
   -4.553264;46.664000;35.946419;,
   -4.700585;46.761395;34.545325;,
   -4.909673;46.415818;36.870058;,
   -7.511102;45.862842;33.301238;,
   -2.860382;46.390058;36.038253;,
   -3.221436;46.083085;37.546365;,
   -3.042030;46.848634;33.714461;,
   -4.247338;46.785850;32.212272;,
   -5.897614;46.343376;31.186592;,
   -7.818537;45.377626;31.482301;,
   -9.496221;43.774704;34.652816;,
   -8.985246;44.413344;32.962861;,
   -9.330314;43.711856;36.394464;,
   -8.159437;44.084899;38.320326;,
   -6.421248;44.711827;39.306442;,
   -4.393125;45.491920;38.888397;,
   -9.767830;41.689187;21.652542;,
   -10.287707;38.936109;22.114266;,
   -9.960001;41.822502;22.148888;,
   -10.107037;38.901219;21.652542;,
   -8.706314;44.087126;21.865707;,
   -8.930164;44.265107;22.607880;,
   -7.192707;46.027715;23.467141;,
   -6.963842;45.701923;22.415016;,
   -2.123177;47.392266;25.295715;,
   -4.874706;47.115040;24.659538;,
   -2.314574;47.680275;26.216560;,
   -4.464464;46.870131;23.407798;,
   -6.179899;32.667024;22.822128;,
   -3.320207;33.080480;21.652565;,
   -3.493054;32.618026;22.973656;,
   -5.857947;33.157114;21.652542;,
   -8.300181;34.022634;22.495109;,
   -7.955111;34.325987;21.652542;,
   -9.339587;36.246230;21.652565;,
   -9.641781;36.133018;22.198189;,
   -10.107037;38.901219;21.652542;,
   -10.287707;38.936109;22.114266;,
   -0.696237;32.759117;22.894448;,
   -0.545263;33.227149;21.652565;,
   4.067760;27.658179;45.800483;,
   3.101205;27.814118;40.710771;,
   2.725886;28.653594;38.313811;,
   2.429497;29.338928;36.808106;,
   2.174758;30.104422;35.246797;,
   1.569804;31.199002;33.152413;,
   3.661919;30.522845;48.086387;,
   4.066604;31.704419;48.256234;,
   4.325872;33.274784;48.210013;,
   4.325872;33.274784;48.210013;,
   4.138531;34.986112;47.763344;,
   3.657107;36.389901;47.104163;,
   2.879134;36.730058;46.874397;,
   2.101158;37.070214;46.766640;,
   0.870502;37.476624;46.673286;,
   -0.000004;37.526672;46.624182;,
