xof 0303txt 0032
template ColorRGBA {
 <35ff44e0-6c7c-11cf-8f52-0040333594a3>
 FLOAT red;
 FLOAT green;
 FLOAT blue;
 FLOAT alpha;
}

template ColorRGB {
 <d3e16e81-7835-11cf-8f52-0040333594a3>
 FLOAT red;
 FLOAT green;
 FLOAT blue;
}

template Material {
 <3d82ab4d-62da-11cf-ab39-0020af71e433>
 ColorRGBA faceColor;
 FLOAT power;
 ColorRGB specularColor;
 ColorRGB emissiveColor;
 [...]
}

template TextureFilename {
 <a42790e1-7810-11cf-8f52-0040333594a3>
 STRING filename;
}

template Frame {
 <3d82ab46-62da-11cf-ab39-0020af71e433>
 [...]
}

template Matrix4x4 {
 <f6f23f45-7686-11cf-8f52-0040333594a3>
 array FLOAT matrix[16];
}

template FrameTransformMatrix {
 <f6f23f41-7686-11cf-8f52-0040333594a3>
 Matrix4x4 frameMatrix;
}

template Vector {
 <3d82ab5e-62da-11cf-ab39-0020af71e433>
 FLOAT x;
 FLOAT y;
 FLOAT z;
}

template MeshFace {
 <3d82ab5f-62da-11cf-ab39-0020af71e433>
 DWORD nFaceVertexIndices;
 array DWORD faceVertexIndices[nFaceVertexIndices];
}

template Mesh {
 <3d82ab44-62da-11cf-ab39-0020af71e433>
 DWORD nVertices;
 array Vector vertices[nVertices];
 DWORD nFaces;
 array MeshFace faces[nFaces];
 [...]
}

template MeshNormals {
 <f6f23f43-7686-11cf-8f52-0040333594a3>
 DWORD nNormals;
 array Vector normals[nNormals];
 DWORD nFaceNormals;
 array MeshFace faceNormals[nFaceNormals];
}

template MeshMaterialList {
 <f6f23f42-7686-11cf-8f52-0040333594a3>
 DWORD nMaterials;
 DWORD nFaceIndexes;
 array DWORD faceIndexes[nFaceIndexes];
 [Material <3d82ab4d-62da-11cf-ab39-0020af71e433>]
}

template Coords2d {
 <f6f23f44-7686-11cf-8f52-0040333594a3>
 FLOAT u;
 FLOAT v;
}

template MeshTextureCoords {
 <f6f23f40-7686-11cf-8f52-0040333594a3>
 DWORD nTextureCoords;
 array Coords2d textureCoords[nTextureCoords];
}

template XSkinMeshHeader {
 <3cf169ce-ff7c-44ab-93c0-f78f62d172e2>
 WORD nMaxSkinWeightsPerVertex;
 WORD nMaxSkinWeightsPerFace;
 WORD nBones;
}

template SkinWeights {
 <6f0d123b-bad2-4167-a0d0-80224f25fabb>
 STRING transformNodeName;
 DWORD nWeights;
 array DWORD vertexIndices[nWeights];
 array FLOAT weights[nWeights];
 Matrix4x4 matrixOffset;
}

template AnimTicksPerSecond {
 <9e415a43-7ba6-4a73-8743-b73d47e88476>
 DWORD AnimTicksPerSecond;
}

template Animation {
 <3d82ab4f-62da-11cf-ab39-0020af71e433>
 [...]
}

template AnimationSet {
 <3d82ab50-62da-11cf-ab39-0020af71e433>
 [Animation <3d82ab4f-62da-11cf-ab39-0020af71e433>]
}

template FloatKeys {
 <10dd46a9-775b-11cf-8f52-0040333594a3>
 DWORD nValues;
 array FLOAT values[nValues];
}

template TimedFloatKeys {
 <f406b180-7b3b-11cf-8f52-0040333594a3>
 DWORD time;
 FloatKeys tfkeys;
}

template AnimationKey {
 <10dd46a8-775b-11cf-8f52-0040333594a3>
 DWORD keyType;
 DWORD nKeys;
 array TimedFloatKeys keys[nKeys];
}


Material Kinoesaru_Yui_NAGAI_Yui_tx {
 1.000000;1.000000;1.000000;1.000000;;
 0.000000;
 0.000000;0.000000;0.000000;;
 0.000000;0.000000;0.000000;;

 TextureFilename {
  "Kinoesaru_Yui_UV.png";
 }
}

Frame single_mesh {
 

 FrameTransformMatrix {
  1.000000,0.000000,0.000000,0.000000,0.000000,1.000000,0.000000,0.000000,0.000000,0.000000,1.000000,0.000000,0.000000,0.000000,0.000000,1.000000;;
 }

 Frame Kinoesaru_Yui_NAGAI_Yui_bone {
  

  FrameTransformMatrix {
   100.000000,0.000000,0.000000,0.000000,0.000000,100.000000,0.000016,0.000000,0.000000,-0.000016,100.000000,0.000000,0.000000,0.000000,0.000000,1.000000;;
  }

  Frame Kinoesaru_Yui_NAGAI_Hip {
   

   FrameTransformMatrix {
    0.010000,0.000000,0.000000,0.000000,0.000000,0.000872,-0.009962,0.000000,-0.000000,0.009962,0.000872,0.000000,0.000000,0.903084,-0.004869,1.000000;;
   }

   Frame Kinoesaru_Yui_NAGAI_Spine {
    

    FrameTransformMatrix {
     1.000000,-0.000000,0.000000,0.000000,0.000000,0.971507,-0.237010,0.000000,-0.000000,0.237010,0.971507,0.000000,-0.000000,0.054334,6.718926,1.000000;;
    }

    Frame Kinoesaru_Yui_NAGAI_Chest {
     

     FrameTransformMatrix {
      1.000000,0.000000,-0.000000,0.000000,-0.000000,0.933580,0.358368,0.000000,0.000000,-0.358368,0.933580,0.000000,0.000000,-0.625466,16.697930,1.000000;;
     }

     Frame Kinoesaru_Yui_NAGAI_Neck {
      

      FrameTransformMatrix {
       -0.000000,0.463661,0.886013,0.000000,-1.000000,-0.000000,0.000000,0.000000,0.000000,-0.886013,0.463661,0.000000,0.000001,-2.647783,17.739906,1.000000;;
      }

      Frame Kinoesaru_Yui_NAGAI_Head1 {
       

       FrameTransformMatrix {
        0.000001,-1.000000,0.000000,0.000000,0.239140,0.000000,-0.970985,0.000000,0.970985,0.000001,0.239140,0.000000,7.499428,0.000000,0.000000,1.000000;;
       }

       Frame Kinoesaru_Yui_NAGAI_Head2 {
        

        FrameTransformMatrix {
         1.000000,-0.000000,0.000000,0.000000,0.000000,1.000000,-0.000000,0.000000,0.000000,0.000000,1.000000,0.000000,-0.000001,1.630593,14.642517,1.000000;;
        }
       }

       Frame Kinoesaru_Yui_NAGAI_EyeLeft {
        

        FrameTransformMatrix {
         1.000000,0.000000,0.000000,0.000000,-0.000000,1.000000,0.000000,0.000000,-0.000000,-0.000000,1.000000,0.000000,4.456358,8.515377,8.589402,1.000000;;
        }
       }

       Frame Kinoesaru_Yui_NAGAI_EyeRight {
        

        FrameTransformMatrix {
         1.000000,0.000000,-0.000000,0.000000,0.000000,-1.000000,0.000000,0.000000,-0.000000,-0.000000,-1.000000,0.000000,-4.456360,8.515377,8.589370,1.000000;;
        }
       }
      }
     }

     Frame Kinoesaru_Yui_NAGAI_LeftArm1 {
      

      FrameTransformMatrix {
       0.415218,0.887316,-0.200659,0.000000,0.000748,0.220238,0.975446,0.000000,0.909721,-0.405173,0.090783,0.000000,3.701481,0.238482,15.005286,1.000000;;
      }

      Frame Kinoesaru_Yui_NAGAI_LeftArm2 {
       

       FrameTransformMatrix {
        -0.909691,-0.008164,0.415205,0.000000,0.007421,-0.999967,-0.003404,0.000000,0.415219,-0.000015,0.909722,0.000000,0.608022,0.000000,8.136849,1.000000;;
       }

       Frame Kinoesaru_Yui_NAGAI_LeftArm3 {
        

        FrameTransformMatrix {
         0.999962,-0.000000,0.008727,0.000000,0.000000,1.000000,0.000000,0.000000,-0.008727,0.000000,0.999962,0.000000,0.303041,0.000000,19.643685,1.000000;;
        }

        Frame Kinoesaru_Yui_NAGAI_LeftArm4 {
         

         FrameTransformMatrix {
          0.031762,0.999212,0.023814,0.000000,-0.999428,0.032028,-0.010845,0.000000,-0.011599,-0.023456,0.999657,0.000000,-0.195475,0.000000,21.020030,1.000000;;
         }

         Frame Kinoesaru_Yui_NAGAI_LeftIndex1 {
          

          FrameTransformMatrix {
           0.024100,-0.999664,0.009577,0.000000,0.999436,0.023869,-0.023605,0.000000,0.023369,0.010141,0.999675,0.000000,-1.156204,1.181537,9.223728,1.000000;;
          }

          Frame Kinoesaru_Yui_NAGAI_LeftIndex2 {
           

           FrameTransformMatrix {
            0.999513,-0.000000,-0.031203,0.000000,0.000000,1.000000,-0.000000,0.000000,0.031203,0.000000,0.999513,0.000000,0.245789,0.103638,2.858986,1.000000;;
           }

           Frame Kinoesaru_Yui_NAGAI_LeftIndex3 {
            

            FrameTransformMatrix {
             0.999965,0.000000,0.008385,0.000000,-0.000000,1.000000,0.000000,0.000000,-0.008385,0.000000,0.999965,0.000000,0.084131,-0.136459,2.204212,1.000000;;
            }

            Frame Kinoesaru_Yui_NAGAI_LeftIndex4 {
             

             FrameTransformMatrix {
              0.999930,-0.000000,0.011851,0.000000,-0.000000,1.000000,0.000000,0.000000,-0.011851,-0.000000,0.999930,0.000000,0.025279,-0.189255,1.296806,1.000000;;
             }
            }
           }
          }
         }

         Frame Kinoesaru_Yui_NAGAI_LeftThumb1 {
          

          FrameTransformMatrix {
           -0.918304,-0.152493,0.365326,0.000000,0.321761,-0.825119,0.464379,0.000000,0.230623,0.543990,0.806776,0.000000,0.056641,2.936048,4.746475,1.000000;;
          }

          Frame Kinoesaru_Yui_NAGAI_LeftThumb2 {
           

           FrameTransformMatrix {
            0.982179,-0.187921,-0.003263,0.000000,0.179428,0.942672,-0.281380,0.000000,0.055953,0.275780,0.959591,0.000000,0.275925,1.378243,2.542202,1.000000;;
           }

           Frame Kinoesaru_Yui_NAGAI_LeftThumb3 {
            

            FrameTransformMatrix {
             0.993471,-0.027680,-0.110682,0.000000,0.019847,0.997261,-0.071258,0.000000,0.112352,0.068596,0.991298,0.000000,0.427948,0.646838,2.183649,1.000000;;
            }

            Frame Kinoesaru_Yui_NAGAI_LeftThumb4 {
             

             FrameTransformMatrix {
              0.979396,-0.177118,-0.097019,0.000000,0.150974,0.961229,-0.230750,0.000000,0.134128,0.211348,0.968164,0.000000,0.238968,0.302867,1.714088,1.000000;;
             }
            }
           }
          }
         }

         Frame Kinoesaru_Yui_NAGAI_LeftMiddle1 {
          

          FrameTransformMatrix {
           0.023605,-0.999656,-0.011407,0.000000,0.999436,0.023869,-0.023606,0.000000,0.023870,-0.010843,0.999656,0.000000,-1.206711,-0.794803,9.048806,1.000000;;
          }

          Frame Kinoesaru_Yui_NAGAI_LeftMiddle2 {
           

           FrameTransformMatrix {
            1.000000,0.000000,-0.000000,0.000000,-0.000000,1.000000,0.000000,0.000000,0.000000,0.000000,1.000000,0.000000,0.374531,-0.000015,2.968948,1.000000;;
           }

           Frame Kinoesaru_Yui_NAGAI_LeftMiddle3 {
            

            FrameTransformMatrix {
             1.000000,0.000000,-0.000000,0.000000,-0.000000,1.000000,0.000000,0.000000,0.000000,0.000000,1.000000,0.000000,0.340470,-0.194534,2.576118,1.000000;;
            }

            Frame Kinoesaru_Yui_NAGAI_LeftMiddle4 {
             

             FrameTransformMatrix {
              1.000000,0.000000,-0.000000,0.000000,-0.000000,1.000000,0.000000,0.000000,0.000000,0.000000,1.000000,0.000000,0.362727,-0.253998,1.818062,1.000000;;
             }
            }
           }
          }
         }

         Frame Kinoesaru_Yui_NAGAI_LeftRing1 {
          

          FrameTransformMatrix {
           0.023605,-0.999656,-0.011407,0.000000,0.999436,0.023869,-0.023605,0.000000,0.023870,-0.010843,0.999656,0.000000,-0.850014,-2.559344,8.259628,1.000000;;
          }

          Frame Kinoesaru_Yui_NAGAI_LeftRing2 {
           

           FrameTransformMatrix {
            1.000000,-0.000000,0.000000,0.000000,0.000000,1.000000,-0.000000,0.000000,-0.000000,0.000000,1.000000,0.000000,0.712106,0.000031,2.569275,1.000000;;
           }

           Frame Kinoesaru_Yui_NAGAI_LeftRing3 {
            

            FrameTransformMatrix {
             1.000000,-0.000000,0.000000,0.000000,0.000000,1.000000,-0.000000,0.000000,-0.000000,0.000000,1.000000,0.000000,0.544251,-0.000031,2.038490,1.000000;;
            }

            Frame Kinoesaru_Yui_NAGAI_LeftRing4 {
             

             FrameTransformMatrix {
              1.000000,-0.000000,0.000000,0.000000,0.000000,1.000000,-0.000000,0.000000,-0.000000,0.000000,1.000000,0.000000,0.437404,-0.265732,1.542183,1.000000;;
             }
            }
           }
          }
         }

         Frame Kinoesaru_Yui_NAGAI_LeftLittle1 {
          

          FrameTransformMatrix {
           0.023605,-0.999656,-0.011407,0.000000,0.999436,0.023869,-0.023606,0.000000,0.023870,-0.010843,0.999656,0.000000,0.024620,-4.034528,7.510227,1.000000;;
          }

          Frame Kinoesaru_Yui_NAGAI_LeftLittle2 {
           

           FrameTransformMatrix {
            1.000000,0.000000,0.000000,0.000000,0.000000,1.000000,0.000000,0.000000,-0.000000,0.000000,1.000000,0.000000,0.600635,0.127167,1.494671,1.000000;;
           }

           Frame Kinoesaru_Yui_NAGAI_LeftLittle3 {
            

            FrameTransformMatrix {
             1.000000,0.000000,0.000000,0.000000,0.000000,1.000000,0.000000,0.000000,-0.000000,0.000000,1.000000,0.000000,0.709381,0.013367,1.389324,1.000000;;
            }

            Frame Kinoesaru_Yui_NAGAI_LeftLittle4 {
             

             FrameTransformMatrix {
              1.000000,0.000000,0.000000,0.000000,0.000000,1.000000,0.000000,0.000000,-0.000000,0.000000,1.000000,0.000000,0.627616,-0.000031,1.183262,1.000000;;
             }
            }
           }
          }
         }
        }
       }
      }
     }

     Frame Kinoesaru_Yui_NAGAI_RightArm1 {
      

      FrameTransformMatrix {
       0.415219,-0.887316,0.200659,0.000000,0.000748,-0.220238,-0.975446,0.000000,0.909721,0.405174,-0.090783,0.000000,-3.701480,0.238453,15.005203,1.000000;;
      }

      Frame Kinoesaru_Yui_NAGAI_RightArm2 {
       

       FrameTransformMatrix {
        -0.909691,-0.008162,0.415205,0.000000,0.007419,-0.999967,-0.003403,0.000000,0.415219,-0.000015,0.909722,0.000000,-0.608017,0.000000,-8.136831,1.000000;;
       }

       Frame Kinoesaru_Yui_NAGAI_RightArm3 {
        

        FrameTransformMatrix {
         0.999962,0.000000,0.008727,0.000000,0.000000,1.000000,-0.000000,0.000000,-0.008727,0.000000,0.999962,0.000000,-0.303034,-0.000031,-19.643707,1.000000;;
        }

        Frame Kinoesaru_Yui_NAGAI_RightArm4 {
         

         FrameTransformMatrix {
          0.031779,0.999211,0.023813,0.000000,-0.999428,0.032044,-0.010845,0.000000,-0.011599,-0.023455,0.999657,0.000000,0.195468,0.000031,-21.019989,1.000000;;
         }

         Frame Kinoesaru_Yui_NAGAI_RightIndex1 {
          

          FrameTransformMatrix {
           0.024100,-0.999664,0.009578,0.000000,0.999436,0.023869,-0.023605,0.000000,0.023369,0.010141,0.999676,0.000000,1.155953,-1.181541,-9.223770,1.000000;;
          }

          Frame Kinoesaru_Yui_NAGAI_RightIndex2 {
           

           FrameTransformMatrix {
            0.999513,-0.000000,-0.031203,0.000000,0.000000,1.000000,-0.000000,0.000000,0.031203,0.000000,0.999513,0.000000,-0.245789,-0.103271,-2.858952,1.000000;;
           }

           Frame Kinoesaru_Yui_NAGAI_RightIndex3 {
            

            FrameTransformMatrix {
             0.999965,-0.000000,0.008385,0.000000,-0.000000,1.000000,0.000000,0.000000,-0.008385,-0.000000,0.999965,0.000000,-0.084128,0.136841,-2.204285,1.000000;;
            }

            Frame Kinoesaru_Yui_NAGAI_RightIndex4 {
             

             FrameTransformMatrix {
              0.999930,-0.000000,0.011851,0.000000,0.000000,1.000000,0.000000,0.000000,-0.011851,0.000000,0.999930,0.000000,-0.025284,0.188736,-1.296722,1.000000;;
             }
            }
           }
          }
         }

         Frame Kinoesaru_Yui_NAGAI_RightThumb1 {
          

          FrameTransformMatrix {
           -0.918304,-0.152493,0.365327,0.000000,0.321761,-0.825119,0.464379,0.000000,0.230623,0.543990,0.806777,0.000000,-0.056892,-2.936055,-4.746521,1.000000;;
          }

          Frame Kinoesaru_Yui_NAGAI_RightThumb2 {
           

           FrameTransformMatrix {
            0.982179,-0.187921,-0.003263,0.000000,0.179428,0.942672,-0.281380,0.000000,0.055953,0.275780,0.959591,0.000000,-0.276489,-1.378046,-2.542015,1.000000;;
           }

           Frame Kinoesaru_Yui_NAGAI_RightThumb3 {
            

            FrameTransformMatrix {
             0.993470,-0.027680,-0.110682,0.000000,0.019847,0.997260,-0.071258,0.000000,0.112352,0.068596,0.991298,0.000000,-0.427719,-0.646867,-2.183779,1.000000;;
            }

            Frame Kinoesaru_Yui_NAGAI_RightThumb4 {
             

             FrameTransformMatrix {
              0.979396,-0.177118,-0.097019,0.000000,0.150974,0.961229,-0.230750,0.000000,0.134128,0.211348,0.968164,0.000000,-0.238983,-0.302871,-1.714096,1.000000;;
             }
            }
           }
          }
         }

         Frame Kinoesaru_Yui_NAGAI_RightMiddle1 {
          

          FrameTransformMatrix {
           0.023605,-0.999656,-0.011407,0.000000,0.999436,0.023869,-0.023606,0.000000,0.023870,-0.010843,0.999656,0.000000,1.206871,0.794812,-9.048824,1.000000;;
          }

          Frame Kinoesaru_Yui_NAGAI_RightMiddle2 {
           

           FrameTransformMatrix {
            1.000000,0.000000,-0.000000,0.000000,0.000000,1.000000,0.000000,0.000000,-0.000000,0.000000,1.000000,0.000000,-0.374526,0.000397,-2.968990,1.000000;;
           }

           Frame Kinoesaru_Yui_NAGAI_RightMiddle3 {
            

            FrameTransformMatrix {
             1.000000,0.000000,-0.000000,0.000000,0.000000,1.000000,0.000000,0.000000,0.000000,0.000000,1.000000,0.000000,-0.340475,0.194366,-2.576054,1.000000;;
            }

            Frame Kinoesaru_Yui_NAGAI_RightMiddle4 {
             

             FrameTransformMatrix {
              1.000000,0.000000,-0.000000,0.000000,0.000000,1.000000,0.000000,0.000000,0.000000,0.000000,1.000000,0.000000,-0.362727,0.253632,-1.818108,1.000000;;
             }
            }
           }
          }
         }

         Frame Kinoesaru_Yui_NAGAI_RightRing1 {
          

          FrameTransformMatrix {
           0.023605,-0.999656,-0.011407,0.000000,0.999436,0.023869,-0.023605,0.000000,0.023870,-0.010843,0.999656,0.000000,0.850121,2.559355,-8.259659,1.000000;;
          }

          Frame Kinoesaru_Yui_NAGAI_RightRing2 {
           

           FrameTransformMatrix {
            1.000000,0.000000,0.000000,0.000000,0.000000,1.000000,0.000000,0.000000,0.000000,0.000000,1.000000,0.000000,-0.712109,0.000549,-2.569294,1.000000;;
           }

           Frame Kinoesaru_Yui_NAGAI_RightRing3 {
            

            FrameTransformMatrix {
             1.000000,0.000000,0.000000,0.000000,0.000000,1.000000,0.000000,0.000000,0.000000,0.000000,1.000000,0.000000,-0.544239,-0.000580,-2.038498,1.000000;;
            }

            Frame Kinoesaru_Yui_NAGAI_RightRing4 {
             

             FrameTransformMatrix {
              1.000000,0.000000,0.000000,0.000000,0.000000,1.000000,0.000000,0.000000,0.000000,0.000000,1.000000,0.000000,-0.437414,0.265823,-1.542213,1.000000;;
             }
            }
           }
          }
         }

         Frame Kinoesaru_Yui_NAGAI_RightLittle1 {
          

          FrameTransformMatrix {
           0.023605,-0.999656,-0.011407,0.000000,0.999436,0.023869,-0.023606,0.000000,0.023870,-0.010843,0.999656,0.000000,-0.024803,4.034520,-7.510258,1.000000;;
          }

          Frame Kinoesaru_Yui_NAGAI_RightLittle2 {
           

           FrameTransformMatrix {
            1.000000,0.000000,-0.000000,0.000000,0.000000,1.000000,0.000000,0.000000,-0.000000,0.000000,1.000000,0.000000,-0.600642,-0.126450,-1.494698,1.000000;;
           }

           Frame Kinoesaru_Yui_NAGAI_RightLittle3 {
            

            FrameTransformMatrix {
             1.000000,0.000000,-0.000000,0.000000,0.000000,1.000000,0.000000,0.000000,-0.000000,0.000000,1.000000,0.000000,-0.709382,-0.013321,-1.389313,1.000000;;
            }

            Frame Kinoesaru_Yui_NAGAI_RightLittle4 {
             

             FrameTransformMatrix {
              1.000000,0.000000,-0.000000,0.000000,0.000000,1.000000,0.000000,0.000000,-0.000000,0.000000,1.000000,0.000000,-0.627612,-0.000854,-1.183308,1.000000;;
             }
            }
           }
          }
         }
        }
       }
      }
     }

     Frame Kinoesaru_Yui_NAGAI_LeftScarf1 {
      

      FrameTransformMatrix {
       0.902640,0.199559,0.381338,0.000000,-0.000000,0.886013,-0.463661,0.000000,-0.430398,0.418518,0.799750,0.000000,4.450578,-9.162129,24.212822,1.000000;;
      }

      Frame Kinoesaru_Yui_NAGAI_LeftScarf2 {
       

       FrameTransformMatrix {
        1.000000,-0.000000,0.000000,0.000000,-0.000000,1.000000,0.000000,0.000000,0.000000,0.000000,1.000000,0.000000,15.651336,-1.576866,-0.464249,1.000000;;
       }
      }
     }

     Frame Kinoesaru_Yui_NAGAI_RightScarf1 {
      

      FrameTransformMatrix {
       0.902639,-0.199558,-0.381338,0.000000,0.000000,-0.886013,0.463661,0.000000,-0.430397,-0.418519,-0.799750,0.000000,-4.450577,-9.162033,24.213189,1.000000;;
      }

      Frame Kinoesaru_Yui_NAGAI_RightScarf2 {
       

       FrameTransformMatrix {
        1.000000,0.000000,0.000000,0.000000,-0.000000,1.000000,0.000000,0.000000,0.000000,0.000000,1.000000,0.000000,-15.651200,1.576782,0.464539,1.000000;;
       }
      }
     }
    }

    Frame Kinoesaru_Yui_NAGAI_Tail1 {
     

     FrameTransformMatrix {
      0.000000,-0.987688,-0.156434,0.000000,1.000000,0.000000,-0.000000,0.000000,0.000000,-0.156434,0.987688,0.000000,-0.000005,-9.699395,-0.237343,1.000000;;
     }

     Frame Kinoesaru_Yui_NAGAI_Tail2 {
      

      FrameTransformMatrix {
       1.000000,0.000000,0.000000,0.000000,-0.000000,1.000000,0.000000,0.000000,0.000000,-0.000000,1.000000,0.000000,19.144939,-0.000000,0.000015,1.000000;;
      }

      Frame Kinoesaru_Yui_NAGAI_Tail3 {
       

       FrameTransformMatrix {
        1.000000,0.000000,0.000000,0.000000,-0.000000,1.000000,-0.000000,0.000000,-0.000000,0.000000,1.000000,0.000000,20.479962,-0.000000,-0.253273,1.000000;;
       }

       Frame Kinoesaru_Yui_NAGAI_Tail4 {
        

        FrameTransformMatrix {
         1.000000,0.000000,0.000000,0.000000,-0.000000,1.000000,0.000000,0.000000,0.000000,-0.000000,1.000000,0.000000,22.113670,0.000000,0.297249,1.000000;;
        }

        Frame Kinoesaru_Yui_NAGAI_Tail5 {
         

         FrameTransformMatrix {
          1.000000,0.000000,0.000000,0.000000,0.000000,1.000000,0.000000,0.000000,0.000000,0.000000,1.000000,0.000000,14.554299,-0.000000,-0.102287,1.000000;;
         }
        }
       }
      }
     }
    }

    Frame Kinoesaru_Yui_NAGAI_curve1 {
     

     FrameTransformMatrix {
      1.000000,0.000000,0.000000,0.000000,-0.000000,0.988467,0.151435,0.000000,0.000000,-0.151435,0.988467,0.000000,-0.000009,14.753854,-96.008832,1.000000;;
     }

     Mesh Kinoesaru_Yui_NAGAI_curve1 {
      60;
      0.500000;-9.668042;98.370061;,
      0.433013;-45.995894;98.785696;,
      0.500000;-45.997936;98.535706;,
      0.433013;-9.666902;98.620064;,
      0.250000;-45.994400;98.968704;,
      0.250000;-9.666068;98.803072;,
      -0.000000;-45.993856;99.035693;,
      -0.000000;-9.665763;98.870054;,
      -0.250000;-45.994400;98.968704;,
      -0.250000;-9.666068;98.803072;,
      -0.433013;-45.995894;98.785696;,
      -0.433013;-9.666902;98.620064;,
      -0.500000;-45.997936;98.535706;,
      -0.500000;-9.668042;98.370061;,
      -0.433013;-45.999978;98.285715;,
      -0.433013;-9.669182;98.120064;,
      -0.250000;-46.001472;98.102707;,
      -0.250000;-9.670016;97.937056;,
      0.000000;-46.002019;98.035718;,
      0.000000;-9.670322;97.870074;,
      0.250000;-46.001472;98.102707;,
      0.250000;-9.670016;97.937056;,
      0.433013;-45.999978;98.285715;,
      0.433013;-9.669182;98.120064;,
      0.433013;-85.954093;99.256525;,
      0.500000;-85.957050;99.006541;,
      0.250000;-85.951936;99.439520;,
      -0.000000;-85.951149;99.506502;,
      -0.250000;-85.951936;99.439520;,
      -0.433013;-85.954093;99.256525;,
      -0.500000;-85.957050;99.006541;,
      -0.433013;-85.960000;98.756557;,
      -0.250000;-85.962157;98.573555;,
      0.000000;-85.962944;98.506579;,
      0.250000;-85.962157;98.573555;,
      0.433013;-85.960000;98.756557;,
      0.433013;-9.666902;98.620064;,
      0.500000;-9.668042;98.370061;,
      0.250000;-9.666068;98.803072;,
      -0.000000;-9.665763;98.870054;,
      -0.250000;-9.666068;98.803072;,
      -0.433013;-9.666902;98.620064;,
      -0.500000;-9.668042;98.370061;,
      -0.433013;-9.669182;98.120064;,
      -0.250000;-9.670016;97.937056;,
      0.000000;-9.670322;97.870074;,
      0.250000;-9.670016;97.937056;,
      0.433013;-9.669182;98.120064;,
      0.250000;-85.951936;99.439520;,
      0.500000;-85.957050;99.006541;,
      0.433013;-85.954093;99.256525;,
      -0.000000;-85.951149;99.506502;,
      -0.250000;-85.951936;99.439520;,
      -0.433013;-85.954093;99.256525;,
      -0.500000;-85.957050;99.006541;,
      -0.433013;-85.960000;98.756557;,
      -0.250000;-85.962157;98.573555;,
      0.000000;-85.962944;98.506579;,
      0.250000;-85.962157;98.573555;,
      0.433013;-85.960000;98.756557;;
      68;
      3;0,1,2;,
      3;1,0,3;,
      3;3,4,1;,
      3;4,3,5;,
      3;5,6,4;,
      3;6,5,7;,
      3;7,8,6;,
      3;8,7,9;,
      3;9,10,8;,
      3;10,9,11;,
      3;11,12,10;,
      3;12,11,13;,
      3;13,14,12;,
      3;14,13,15;,
      3;15,16,14;,
      3;16,15,17;,
      3;17,18,16;,
      3;18,17,19;,
      3;19,20,18;,
      3;20,19,21;,
      3;21,22,20;,
      3;22,21,23;,
      3;23,2,22;,
      3;2,23,0;,
      3;2,24,25;,
      3;24,2,1;,
      3;1,26,24;,
      3;26,1,4;,
      3;4,27,26;,
      3;27,4,6;,
      3;6,28,27;,
      3;28,6,8;,
      3;8,29,28;,
      3;29,8,10;,
      3;10,30,29;,
      3;30,10,12;,
      3;12,31,30;,
      3;31,12,14;,
      3;14,32,31;,
      3;32,14,16;,
      3;16,33,32;,
      3;33,16,18;,
      3;18,34,33;,
      3;34,18,20;,
      3;20,35,34;,
      3;35,20,22;,
      3;22,25,35;,
      3;25,22,2;,
      3;36,37,38;,
      3;38,37,39;,
      3;39,37,40;,
      3;40,37,41;,
      3;41,37,42;,
      3;42,37,43;,
      3;43,37,44;,
      3;44,37,45;,
      3;45,37,46;,
      3;46,37,47;,
      3;48,49,50;,
      3;51,49,48;,
      3;52,49,51;,
      3;53,49,52;,
      3;54,49,53;,
      3;55,49,54;,
      3;56,49,55;,
      3;57,49,56;,
      3;58,49,57;,
      3;59,49,58;;

      MeshNormals {
       60;
       1.000000;-0.000000;0.000001;,
       0.866283;0.004082;0.499537;,
       1.000000;-0.000005;-0.000595;,
       0.866023;0.002280;0.499999;,
       0.500259;0.007075;0.865847;,
       0.499994;0.003949;0.866020;,
       0.000000;0.008171;0.999967;,
       -0.000001;0.004559;0.999990;,
       -0.500259;0.007075;0.865847;,
       -0.499994;0.003948;0.866020;,
       -0.866283;0.004082;0.499537;,
       -0.866023;0.002280;0.500000;,
       -1.000000;-0.000005;-0.000594;,
       -1.000000;-0.000000;-0.000000;,
       -0.865768;-0.004089;-0.500430;,
       -0.866023;-0.002280;-0.500000;,
       -0.499744;-0.007077;-0.866144;,
       -0.499994;-0.003949;-0.866020;,
       0.000000;-0.008171;-0.999967;,
       0.000001;-0.004559;-0.999990;,
       0.499744;-0.007077;-0.866145;,
       0.499993;-0.003949;-0.866020;,
       0.865768;-0.004089;-0.500429;,
       0.866023;-0.002280;-0.499999;,
       0.866027;0.005891;0.499962;,
       1.000000;-0.000000;-0.000004;,
       0.499992;0.010204;0.865970;,
       0.000000;0.011782;0.999931;,
       -0.499992;0.010204;0.865970;,
       -0.866027;0.005891;0.499963;,
       -1.000000;-0.000000;-0.000006;,
       -0.866024;-0.005891;-0.499968;,
       -0.499991;-0.010204;-0.865970;,
       -0.000001;-0.011782;-0.999931;,
       0.499992;-0.010204;-0.865970;,
       0.866023;-0.005891;-0.499969;,
       0.000002;0.999990;-0.004558;,
       -0.000000;0.999990;-0.004559;,
       -0.000001;0.999990;-0.004559;,
       0.000000;0.999990;-0.004558;,
       0.000000;0.999990;-0.004559;,
       -0.000000;0.999990;-0.004559;,
       0.000000;0.999990;-0.004559;,
       0.000000;0.999990;-0.004559;,
       -0.000000;0.999990;-0.004559;,
       -0.000000;0.999990;-0.004558;,
       0.000001;0.999990;-0.004559;,
       -0.000002;0.999990;-0.004558;,
       0.000023;-0.999930;0.011818;,
       0.000000;-0.999930;0.011805;,
       0.000017;-0.999930;0.011815;,
       -0.000006;-0.999931;0.011789;,
       -0.000006;-0.999930;0.011795;,
       -0.000001;-0.999930;0.011806;,
       -0.000000;-0.999930;0.011810;,
       0.000001;-0.999930;0.011806;,
       0.000006;-0.999930;0.011795;,
       0.000006;-0.999931;0.011789;,
       -0.000023;-0.999930;0.011818;,
       -0.000017;-0.999930;0.011815;;
       68;
       3;0,1,2;,
       3;1,0,3;,
       3;3,4,1;,
       3;4,3,5;,
       3;5,6,4;,
       3;6,5,7;,
       3;7,8,6;,
       3;8,7,9;,
       3;9,10,8;,
       3;10,9,11;,
       3;11,12,10;,
       3;12,11,13;,
       3;13,14,12;,
       3;14,13,15;,
       3;15,16,14;,
       3;16,15,17;,
       3;17,18,16;,
       3;18,17,19;,
       3;19,20,18;,
       3;20,19,21;,
       3;21,22,20;,
       3;22,21,23;,
       3;23,2,22;,
       3;2,23,0;,
       3;2,24,25;,
       3;24,2,1;,
       3;1,26,24;,
       3;26,1,4;,
       3;4,27,26;,
       3;27,4,6;,
       3;6,28,27;,
       3;28,6,8;,
       3;8,29,28;,
       3;29,8,10;,
       3;10,30,29;,
       3;30,10,12;,
       3;12,31,30;,
       3;31,12,14;,
       3;14,32,31;,
       3;32,14,16;,
       3;16,33,32;,
       3;33,16,18;,
       3;18,34,33;,
       3;34,18,20;,
       3;20,35,34;,
       3;35,20,22;,
       3;22,25,35;,
       3;25,22,2;,
       3;36,37,38;,
       3;38,37,39;,
       3;39,37,40;,
       3;40,37,41;,
       3;41,37,42;,
       3;42,37,43;,
       3;43,37,44;,
       3;44,37,45;,
       3;45,37,46;,
       3;46,37,47;,
       3;48,49,50;,
       3;51,49,48;,
       3;52,49,51;,
       3;53,49,52;,
       3;54,49,53;,
       3;55,49,54;,
       3;56,49,55;,
       3;57,49,56;,
       3;58,49,57;,
       3;59,49,58;;
      }

      MeshMaterialList {
       1;
       68;
       0,
       0,
       0,
       0,
       0,
       0,
       0,
       0,
       0,
       0,
       0,
       0,
       0,
       0,
       0,
       0,
       0,
       0,
       0,
       0,
       0,
       0,
       0,
       0,
       0,
       0,
       0,
       0,
       0,
       0,
       0,
       0,
       0,
       0,
       0,
       0,
       0,
       0,
       0,
       0,
       0,
       0,
       0,
       0,
       0,
       0,
       0,
       0,
       0,
       0,
       0,
       0,
       0,
       0,
       0,
       0,
       0,
       0,
       0,
       0,
       0,
       0,
       0,
       0,
       0,
       0,
       0,
       0;

       Material  {
        0.800000;0.800000;0.800000;1.000000;;
        0.000000;
        0.000000;0.000000;0.000000;;
        0.000000;0.000000;0.000000;;
       }
      }
     }
    }
   }

   Frame Kinoesaru_Yui_NAGAI_LeftLeg1 {
    

    FrameTransformMatrix {
     0.999997,-0.002294,0.000319,0.000000,-0.002294,-0.999998,-0.000000,0.000000,0.000319,-0.000000,-1.000000,0.000000,10.000000,-1.118138,-8.310364,1.000000;;
    }

    Frame Kinoesaru_Yui_NAGAI_LeftLeg2 {
     

     FrameTransformMatrix {
      1.000000,-0.000000,0.000000,0.000000,0.000000,0.999540,-0.030320,0.000000,-0.000000,0.030320,0.999540,0.000000,-0.000001,2.775744,32.736317,1.000000;;
     }

     Frame Kinoesaru_Yui_NAGAI_LeftLeg3 {
      

      FrameTransformMatrix {
       0.999997,-0.002303,0.000250,0.000000,0.001197,0.606015,0.795453,0.000000,-0.001983,-0.795450,0.606016,0.000000,-0.000001,6.334082,42.071904,1.000000;;
      }

      Frame Kinoesaru_Yui_NAGAI_LeftLeg4 {
       

       FrameTransformMatrix {
        -1.000000,0.000000,-0.000000,0.000000,-0.000000,-0.847755,-0.530389,0.000000,-0.000000,-0.530389,0.847755,0.000000,-0.000002,-4.438930,11.991287,1.000000;;
       }
      }
     }
    }
   }

   Frame Kinoesaru_Yui_NAGAI_RightLeg1 {
    

    FrameTransformMatrix {
     0.999997,0.002280,-0.000317,0.000000,-0.002280,0.999998,0.000000,0.000000,0.000317,0.000000,1.000000,0.000000,-10.000000,-1.118139,-8.310318,1.000000;;
    }

    Frame Kinoesaru_Yui_NAGAI_RightLeg2 {
     

     FrameTransformMatrix {
      1.000000,-0.000000,-0.000000,0.000000,-0.000000,0.999540,-0.030320,0.000000,0.000000,0.030320,0.999540,0.000000,-0.000002,-2.775750,-32.736352,1.000000;;
     }

     Frame Kinoesaru_Yui_NAGAI_RightLeg3 {
      

      FrameTransformMatrix {
       0.999997,-0.002288,0.000249,0.000000,0.001584,0.606014,-0.795452,0.000000,0.001669,0.795450,0.606016,0.000000,0.000001,-6.334078,-42.071891,1.000000;;
      }

      Frame Kinoesaru_Yui_NAGAI_RightLeg4 {
       

       FrameTransformMatrix {
        -1.000000,-0.000001,-0.000000,0.000000,-0.000000,0.736425,-0.676520,0.000000,0.000000,-0.676520,-0.736425,0.000000,-0.000007,10.382482,7.463187,1.000000;;
       }
      }
     }
    }
   }
  }
 }

 Frame Kinoesaru_Yui_NAGAI_costume {
  

  FrameTransformMatrix {
   1.000000,0.000000,0.000000,0.000000,0.000000,-0.000000,-1.000000,0.000000,0.000000,1.000000,-0.000000,0.000000,0.000004,84.412531,36.821181,1.000000;;
  }

  Mesh Kinoesaru_Yui_NAGAI_costume {
   14654;
   11.200630;31.950173;69.093574;,
   8.955963;28.585501;71.009914;,
   9.527822;28.300061;69.093574;,
   10.528369;32.100243;71.009914;,
   6.506888;25.796189;71.009914;,
   6.922093;25.403309;69.093574;,
   3.420871;24.005336;71.009914;,
   3.639158;23.543482;69.093574;,
   -0.000004;23.388256;71.009914;,
   -0.000004;22.902630;69.093574;,
   -3.420879;24.005341;71.009914;,
   -3.639166;23.543482;69.093574;,
   -6.506894;25.796189;71.009914;,
   -6.922099;25.403312;69.093574;,
   -8.955969;28.585507;71.009914;,
   -9.527828;28.300061;69.093574;,
   -10.528371;32.100243;71.009914;,
   -11.200633;31.950176;69.093574;,
   8.263087;29.053427;72.830637;,
   9.713841;32.346246;72.830637;,
   6.003482;26.440232;72.830637;,
   3.156215;24.762458;72.830637;,
   -0.000004;24.184338;72.830637;,
   -3.156222;24.762458;72.830637;,
   -6.003487;26.440235;72.830637;,
   -8.263092;29.053427;72.830637;,
   -9.713844;32.346246;72.830637;,
   6.355074;30.078797;69.093574;,
   5.405949;28.007773;69.093574;,
   3.927494;26.364200;69.093574;,
   2.064804;25.308963;69.093574;,
   -0.000003;24.945352;69.093574;,
   -2.064811;25.308963;69.093574;,
   -3.927500;26.364205;69.093574;,
   -5.405952;28.007773;69.093574;,
   -6.355078;30.078797;69.093574;,
   4.688354;28.435229;72.830637;,
   5.511491;30.303520;72.830637;,
   3.406289;26.952538;72.830637;,
   1.790790;26.000592;72.830637;,
   -0.000003;25.672574;72.830637;,
   -1.790796;26.000592;72.830637;,
   -3.406292;26.952538;72.830637;,
   -4.688360;28.435229;72.830637;,
   -5.511495;30.303523;72.830637;,
   -7.931691;39.171971;72.382790;,
   -5.873382;41.743936;74.357702;,
   -6.831477;42.434349;72.510688;,
   -6.960322;38.936595;73.910227;,
   -4.365875;43.438630;74.672813;,
   -4.966215;44.582378;72.902899;,
   -2.374940;44.995853;74.920294;,
   -2.690557;46.266240;73.338112;,
   -0.167972;45.319677;75.045632;,
   -0.167972;46.633696;73.463462;,
   2.038996;44.995853;74.920294;,
   2.354614;46.266240;73.338112;,
   4.029930;43.438630;74.672813;,
   4.630270;44.582378;72.902899;,
   5.537438;41.743936;74.357702;,
   6.495531;42.434349;72.510688;,
   6.624377;38.936595;73.910227;,
   7.595746;39.171971;72.382790;,
   -7.726949;42.535818;70.784403;,
   -5.937197;40.265581;70.955194;,
   -8.839573;38.848147;70.955194;,
   -5.075566;42.718986;70.784403;,
   -5.527315;45.107558;71.248678;,
   -3.733548;44.429971;71.248678;,
   -2.985545;46.909782;71.859386;,
   -2.042506;45.628989;71.859386;,
   -0.167972;47.318029;71.984749;,
   -0.167972;45.900595;71.984749;,
   2.649602;46.909782;71.859386;,
   1.706562;45.628989;71.859386;,
   5.191372;45.107558;71.248678;,
   3.397603;44.429971;71.248678;,
   7.391004;42.535818;70.784403;,
   4.739621;42.718986;70.784403;,
   8.503628;38.848144;70.955194;,
   5.601251;40.265581;70.955194;,
   -3.963787;42.192150;74.357702;,
   -4.686929;40.324426;73.910227;,
   -2.960840;43.319629;74.672813;,
   -1.636270;44.355651;74.920294;,
   -0.167972;44.571091;75.045632;,
   1.300326;44.355651;74.920294;,
   2.624896;43.319629;74.672813;,
   3.627842;42.192150;74.357702;,
   4.350983;40.324426;73.910227;,
   2.667935;31.400035;50.058954;,
   4.314429;31.804310;52.279504;,
   4.044893;32.060547;50.267952;,
   2.825737;31.108960;52.200995;,
   1.336003;30.684928;51.993462;,
   1.255647;30.976003;49.684227;,
   -5.047448;33.256170;50.536554;,
   -4.314439;31.804310;52.279504;,
   -4.044904;32.060547;50.267952;,
   -5.460580;33.044707;52.380410;,
   -6.024852;34.919014;50.650749;,
   -5.917136;33.773782;52.388467;,
   -5.642097;33.888851;50.588602;,
   -6.135047;34.919014;52.398093;,
   -5.047448;37.502547;50.536554;,
   -5.987538;36.255395;52.389642;,
   -5.732497;36.154288;50.596138;,
   -5.460579;37.714013;52.380410;,
   -2.892255;38.490928;50.058954;,
   -4.489781;38.401878;52.287558;,
   -4.208772;37.429898;50.289405;,
   -3.050056;38.886592;52.200995;,
   -0.000004;40.265450;48.254678;,
   -1.615662;40.074173;51.857155;,
   -1.530426;39.678509;49.229270;,
   -0.000004;40.661110;51.453286;,
   5.047439;37.502547;50.536554;,
   4.489773;38.401878;52.287558;,
   4.208764;37.429898;50.289405;,
   5.460572;37.714013;52.380410;,
   6.024843;34.919014;50.650749;,
   5.987529;36.255395;52.389642;,
   5.732490;36.154288;50.596138;,
   6.135039;34.919014;52.398093;,
   5.047440;33.256170;50.536554;,
   5.917128;33.773782;52.388467;,
   5.642089;33.888848;50.588602;,
   5.460572;33.044707;52.380410;,
   5.073615;31.861962;53.527869;,
   3.416744;31.075398;53.527869;,
   1.631304;30.651370;53.527869;,
   -5.073624;31.861962;53.527869;,
   -6.393772;33.219578;53.527869;,
   -6.816434;34.201014;53.527869;,
   -6.975916;35.647494;53.527869;,
   -6.882160;37.248576;53.527869;,
   -6.393772;38.996109;53.527869;,
   -5.267469;40.292614;53.527869;,
   -3.653383;41.344896;53.527869;,
   -1.939799;42.494285;53.527869;,
   -0.000004;43.036365;53.527869;,
   5.267461;40.292614;53.527869;,
   6.393762;38.996109;53.527869;,
   6.882150;37.248576;53.527869;,
   6.975908;35.647494;53.527869;,
   6.816422;34.201014;53.527869;,
   6.393762;33.219574;53.527869;,
   4.421461;29.375075;54.024346;,
   7.318535;29.276278;53.527869;,
   6.384797;30.392022;54.024346;,
   5.171975;28.087469;53.527869;,
   2.491712;27.533027;53.527869;,
   2.122192;28.870067;54.024346;,
   -7.944281;32.111936;54.024346;,
   -7.318544;29.276278;53.527869;,
   -6.384808;30.392022;54.024346;,
   -9.019148;31.257494;53.527869;,
   -8.715380;35.436170;54.024346;,
   -9.642709;32.935203;53.527869;,
   -8.483112;33.478029;54.024346;,
   -9.935888;35.297379;53.527869;,
   -7.944281;39.887149;54.024346;,
   -9.738919;37.833491;53.527869;,
   -8.566530;37.564330;54.024346;,
   -9.019148;40.601581;53.527869;,
   -4.703288;43.058749;54.024346;,
   -7.569966;42.684147;53.527869;,
   -6.614649;41.624915;54.024346;,
   -5.481391;44.421235;53.527869;,
   -0.000004;44.976714;54.024346;,
   -2.916867;45.835357;53.527869;,
   -2.500491;44.383251;54.024346;,
   -0.000003;46.439885;53.527869;,
   7.944271;39.887149;54.024346;,
   7.569958;42.684147;53.527869;,
   6.614641;41.624915;54.024346;,
   9.019138;40.601578;53.527869;,
   8.715370;35.436170;54.024346;,
   9.738912;37.833491;53.527869;,
   8.566518;37.564326;54.024346;,
   9.935878;35.297379;53.527869;,
   7.944271;32.111936;54.024346;,
   9.642699;32.935203;53.527869;,
   8.483105;33.478022;54.024346;,
   9.019138;31.257491;53.527869;,
   7.681784;27.593747;52.228675;,
   5.602878;26.198555;52.173517;,
   2.714573;25.627819;51.965965;,
   -7.681795;27.593747;52.228675;,
   -9.321059;29.853526;52.299539;,
   -9.985505;31.869510;52.299539;,
   -10.338412;34.646054;52.299539;,
   -10.087496;37.668704;52.299539;,
   -9.321059;40.967834;52.299539;,
   -7.925516;43.021978;52.074608;,
   -5.904803;44.726541;51.864861;,
   -3.146633;46.220019;51.662957;,
   -0.000003;46.886714;51.425805;,
   7.925510;43.021978;52.074608;,
   9.321051;40.967830;52.299539;,
   10.087488;37.668701;52.299539;,
   10.338402;34.646054;52.299539;,
   9.985498;31.869507;52.299539;,
   9.321051;29.853523;52.299539;,
   7.280625;28.145264;50.267341;,
   5.058680;26.853072;49.969034;,
   2.440840;26.345906;49.762582;,
   -7.280638;28.145264;50.267341;,
   -9.128950;30.261274;50.650749;,
   -9.949792;32.130563;50.829171;,
   -10.500143;34.722957;51.042154;,
   -10.074291;37.541072;50.855005;,
   -9.128950;40.616954;50.650749;,
   -7.594019;42.642294;49.948234;,
   -5.460896;44.325149;49.293130;,
   -2.907904;45.761306;48.931952;,
   -0.000003;46.387235;48.507683;,
   7.594012;42.642294;49.948234;,
   9.128942;40.616954;50.650749;,
   10.074282;37.541072;50.855005;,
   10.500133;34.722957;51.042154;,
   9.949784;32.130563;50.829171;,
   9.128942;30.261270;50.650749;,
   8.622796;27.682013;48.361978;,
   5.466009;26.320904;47.850502;,
   2.648260;25.764109;47.573846;,
   -8.622805;27.682016;48.361978;,
   -11.672546;29.886586;49.099130;,
   -12.699322;31.853328;49.592064;,
   -13.495498;34.562042;49.752570;,
   -12.853644;37.566346;49.163382;,
   -11.672546;40.845453;48.197488;,
